"apopNeutrophils","neutrophils","totalNeutrophils","m1 macs","m2 macs ","resMacs","m1ae","m1de","resMacs ODE","tick","random_seed"
0.0,1.0,1.0,0.0,0.0,0.0,0.0,0.0,0.0,1.0,693265100
0.0,1.0,1.0,0.0,0.0,0.0,0.0,0.0,14.0,2.0,693265100
1.0,2.0,3.0,0.0,0.0,0.0,0.0,0.0,14.0,3.0,693265100
1.0,4.0,5.0,0.0,0.0,0.0,0.0,0.0,12.0,4.0,693265100
0.0,6.0,6.0,0.0,0.0,0.0,0.0,0.0,12.0,5.0,693265100
0.0,8.0,8.0,0.08333333333333333,0.0,0.9166666666666666,0.0,1.0,11.0,6.0,693265100
0.0,10.0,10.0,0.0909090909090909,0.0,1.0,0.0,1.0,11.0,7.0,693265100
1.0,12.0,13.0,0.18181818181818185,0.0,0.9090909090909091,0.0,1.0,10.0,8.0,693265100
2.0,12.0,14.0,0.22222222222222227,0.0,0.8888888888888891,0.0,1.0,8.0,9.0,693265100
4.0,13.0,17.0,0.33333333333333337,0.0,0.8888888888888891,0.0,1.0,8.0,10.0,693265100
4.0,15.0,19.0,0.4285714285714286,0.0,1.142857142857143,0.0,1.0,6.0,11.0,693265100
3.0,17.0,20.0,0.4285714285714286,0.0,0.7142857142857143,0.0,1.0,6.0,12.0,693265100
2.0,18.0,20.0,0.875,0.0,1.25,0.0,2.0,5.0,13.0,693265100
1.0,19.0,20.0,1.666666666666667,0.0,1.6666666666666667,0.0,2.0,5.0,14.0,693265100
4.0,15.0,19.0,2.7777777777777777,0.0,2.2222222222222223,0.0,2.0,5.0,15.0,693265100
7.0,14.0,21.0,2.7777777777777777,0.0,2.2222222222222223,0.0,2.0,5.0,16.0,693265100
9.0,14.0,23.0,3.125,0.0,2.25,0.0,2.0,5.0,17.0,693265100
9.0,14.0,23.0,3.666666666666667,0.0,1.6666666666666667,0.0,2.0,2.0,18.0,693265100
8.0,14.0,22.0,3.142857142857143,0.0,1.1428571428571428,0.0,2.0,2.0,19.0,693265100
11.0,10.0,21.0,5.375,0.0,1.5,0.0,3.0,2.0,20.0,693265100
9.0,10.0,19.0,5.375,0.0,1.5,0.0,3.0,2.0,21.0,693265100
6.0,11.0,17.0,6.222222222222222,0.0,1.5555555555555556,0.0,3.0,2.0,22.0,693265100
5.0,12.0,17.0,5.6000000000000005,0.0,1.4,0.0,3.0,2.0,23.0,693265100
5.0,11.0,16.0,7.1,0.0,1.5999999999999999,0.0,4.0,2.0,24.0,693265100
3.0,13.0,16.0,6.454545454545454,0.0,1.4545454545454544,0.0,4.0,2.0,25.0,693265100
3.0,14.0,17.0,7.333333333333334,0.0,1.5,0.0,5.0,2.0,26.0,693265100
2.0,16.0,18.0,9.846153846153847,0.0,1.692307692307692,0.0,6.0,2.0,27.0,693265100
4.0,14.0,18.0,9.142857142857142,0.0,1.5714285714285716,0.0,6.0,2.0,28.0,693265100
5.0,13.0,18.0,10.785714285714286,0.0,1.7142857142857142,0.0,7.0,2.0,29.0,693265100
3.0,12.0,15.0,10.066666666666665,0.0,1.5999999999999999,0.0,7.0,2.0,30.0,693265100
3.0,10.0,13.0,11.733333333333334,0.0,1.7333333333333332,0.0,8.0,2.0,31.0,693265100
1.0,9.0,10.0,12.6875,0.0,1.7499999999999998,0.0,8.0,2.0,32.0,693265100
2.0,7.0,9.0,13.25,0.0,1.7499999999999998,0.0,8.0,2.0,33.0,693265100
0.0,9.0,9.0,14.176470588235293,0.0,1.764705882352941,0.0,9.0,2.0,34.0,693265100
1.0,9.0,10.0,15.111111111111109,0.0,1.7777777777777775,0.0,9.0,2.0,35.0,693265100
2.0,10.0,12.0,15.111111111111109,0.0,1.7777777777777775,0.0,9.0,2.0,36.0,693265100
2.0,11.0,13.0,15.111111111111109,0.0,1.7777777777777775,0.0,9.0,2.0,37.0,693265100
1.0,11.0,12.0,14.31578947368421,0.0,1.6842105263157894,0.0,9.0,2.0,38.0,693265100
3.0,8.0,11.0,16.999999999999996,0.0,1.7999999999999998,0.0,10.0,2.0,39.0,693265100
3.0,7.0,10.0,16.999999999999996,0.0,1.7999999999999998,0.0,10.0,2.0,40.0,693265100
3.0,6.0,9.0,16.19047619047619,0.0,1.714285714285714,0.0,10.0,2.0,41.0,693265100
1.0,5.0,6.0,17.952380952380956,0.0,1.809523809523809,0.0,10.0,2.0,42.0,693265100
1.0,4.0,5.0,17.136363636363637,0.0,1.727272727272727,0.0,10.0,2.0,43.0,693265100
0.0,4.0,4.0,19.869565217391305,0.0,1.8260869565217388,0.0,10.0,2.0,44.0,693265100
0.0,4.0,4.0,19.041666666666668,0.0,1.7499999999999996,0.0,10.0,2.0,45.0,693265100
1.0,3.0,4.0,20.833333333333336,0.0,1.833333333333333,0.0,10.0,2.0,46.0,693265100
2.0,2.0,4.0,20.833333333333336,0.0,1.833333333333333,0.0,10.0,2.0,47.0,693265100
1.0,2.0,3.0,20.34782608695652,0.0,1.8260869565217388,0.0,9.0,2.0,48.0,693265100
1.0,2.0,3.0,19.869565217391305,0.0,1.8260869565217388,0.0,9.0,2.0,49.0,693265100
1.0,1.0,2.0,19.869565217391305,0.0,1.8260869565217388,0.0,9.0,2.0,50.0,693265100
0.0,1.0,1.0,19.869565217391305,0.0,1.8260869565217388,0.0,9.0,2.0,51.0,693265100
1.0,0.0,1.0,20.695652173913047,0.0,1.8260869565217388,0.0,9.0,2.0,52.0,693265100
NaN,NaN,NaN,20.695652173913047,0.0,1.8260869565217388,0.0,9.0,2.0,53.0,693265100
NaN,NaN,NaN,20.708333333333332,0.9166666666666665,1.833333333333333,0.0,9.0,2.0,54.0,693265100
NaN,NaN,NaN,20.65217391304348,0.9130434782608694,1.8260869565217388,0.0,8.0,2.0,55.0,693265100
NaN,NaN,NaN,18.869565217391305,0.8695652173913042,1.7391304347826084,0.0,8.0,2.0,56.0,693265100
NaN,NaN,NaN,18.869565217391305,1.8260869565217388,1.8260869565217388,0.0,8.0,2.0,57.0,693265100
NaN,NaN,NaN,18.869565217391305,1.8260869565217388,1.8260869565217388,0.0,8.0,2.0,58.0,693265100
NaN,NaN,NaN,18.875,2.75,1.8333333333333333,0.0,8.0,2.0,59.0,693265100
NaN,NaN,NaN,18.12,2.6399999999999997,1.76,0.0,8.0,2.0,60.0,693265100
NaN,NaN,NaN,18.64,4.6000000000000005,1.8399999999999999,0.0,8.0,2.0,61.0,693265100
NaN,NaN,NaN,16.799999999999997,4.400000000000001,1.7599999999999998,0.0,7.0,2.0,62.0,693265100
NaN,NaN,NaN,17.04,5.5200000000000005,1.8399999999999999,0.0,7.0,2.0,63.0,693265100
NaN,NaN,NaN,16.66666666666667,5.5,1.8333333333333333,0.0,7.0,2.0,64.0,693265100
NaN,NaN,NaN,15.479999999999999,5.28,1.76,0.0,7.0,2.0,65.0,693265100
NaN,NaN,NaN,16.12,6.4399999999999995,1.8399999999999999,0.0,7.0,2.0,66.0,693265100
NaN,NaN,NaN,16.12,6.4399999999999995,1.8399999999999999,0.0,7.0,2.0,67.0,693265100
NaN,NaN,NaN,15.541666666666664,6.416666666666667,1.8333333333333333,0.0,6.0,2.0,68.0,693265100
NaN,NaN,NaN,14.36,6.4399999999999995,1.76,0.0,6.0,2.0,69.0,693265100
NaN,NaN,NaN,12.999999999999998,7.291666666666666,1.7499999999999998,0.0,4.0,2.0,70.0,693265100
NaN,NaN,NaN,12.333333333333332,8.166666666666668,1.7499999999999998,0.0,4.0,2.0,71.0,693265100
NaN,NaN,NaN,12.2,10.4,1.8399999999999999,0.0,4.0,2.0,72.0,693265100
NaN,NaN,NaN,9.82608695652174,9.869565217391305,1.7391304347826084,0.0,2.0,2.0,73.0,693265100
NaN,NaN,NaN,9.478260869565219,11.260869565217392,1.826086956521739,0.0,2.0,2.0,74.0,693265100
NaN,NaN,NaN,9.0,12.17391304347826,1.826086956521739,0.0,2.0,2.0,75.0,693265100
NaN,NaN,NaN,8.565217391304346,12.17391304347826,1.826086956521739,0.0,2.0,2.0,76.0,693265100
NaN,NaN,NaN,8.541666666666666,13.125000000000002,1.8333333333333333,0.0,2.0,2.0,77.0,693265100
NaN,NaN,NaN,8.541666666666666,13.125000000000002,1.8333333333333333,0.0,2.0,2.0,78.0,693265100
NaN,NaN,NaN,7.541666666666666,13.125,1.75,0.0,1.0,2.0,79.0,693265100
NaN,NaN,NaN,6.608695652173914,14.608695652173914,1.826086956521739,0.0,1.0,2.0,80.0,693265100
NaN,NaN,NaN,6.227272727272728,14.59090909090909,1.8181818181818181,0.0,1.0,2.0,81.0,693265100
NaN,NaN,NaN,5.304347826086957,13.956521739130435,1.7391304347826084,0.0,1.0,2.0,82.0,693265100
NaN,NaN,NaN,5.291666666666667,14.875000000000002,1.75,0.0,1.0,2.0,83.0,693265100
NaN,NaN,NaN,5.2799999999999985,15.8,1.76,0.0,1.0,2.0,84.0,693265100
NaN,NaN,NaN,5.48,17.4,1.8399999999999999,0.0,1.0,2.0,85.0,693265100
NaN,NaN,NaN,5.208333333333335,17.375,1.8333333333333333,0.0,1.0,2.0,86.0,693265100
NaN,NaN,NaN,4.238095238095239,18.19047619047619,1.8095238095238095,0.0,0.0,2.0,87.0,693265100
NaN,NaN,NaN,1.0476190476190474,18.19047619047619,1.8095238095238095,0.0,0.0,2.0,88.0,693265100
NaN,NaN,NaN,1.0476190476190474,18.19047619047619,1.8095238095238095,0.0,0.0,2.0,89.0,693265100
NaN,NaN,NaN,0.3333333333333333,18.761904761904763,1.8095238095238095,0.0,0.0,2.0,90.0,693265100
NaN,NaN,NaN,0.3181818181818182,17.909090909090914,1.7272727272727273,0.0,0.0,2.0,91.0,693265100
NaN,NaN,NaN,0.3181818181818182,19.681818181818183,1.8181818181818181,0.0,0.0,2.0,92.0,693265100
NaN,NaN,NaN,0.3181818181818182,19.681818181818183,1.8181818181818181,0.0,0.0,2.0,93.0,693265100
NaN,NaN,NaN,0.3181818181818182,19.681818181818183,1.8181818181818181,0.0,0.0,2.0,94.0,693265100
NaN,NaN,NaN,0.3333333333333333,19.523809523809526,1.8095238095238095,0.0,0.0,2.0,95.0,693265100
NaN,NaN,NaN,0.3181818181818182,17.909090909090914,1.727272727272727,0.0,0.0,2.0,96.0,693265100
NaN,NaN,NaN,0.30434782608695654,20.608695652173914,1.826086956521739,0.0,0.0,2.0,97.0,693265100
NaN,NaN,NaN,0.2916666666666667,21.541666666666668,1.8333333333333333,0.0,0.0,2.0,98.0,693265100
NaN,NaN,NaN,0.2916666666666667,21.541666666666668,1.8333333333333333,0.0,0.0,2.0,99.0,693265100
NaN,NaN,NaN,0.2916666666666667,21.666666666666668,1.8333333333333333,0.0,0.0,2.0,100.0,693265100
NaN,NaN,NaN,0.28,20.8,1.7599999999999998,0.0,0.0,2.0,101.0,693265100
NaN,NaN,NaN,0.28,22.599999999999998,1.8399999999999999,0.0,0.0,2.0,102.0,693265100
NaN,NaN,NaN,0.2692307692307692,21.730769230769234,1.7692307692307692,0.0,0.0,2.0,103.0,693265100
NaN,NaN,NaN,0.2692307692307692,23.53846153846154,1.846153846153846,0.0,0.0,2.0,104.0,693265100
NaN,NaN,NaN,0.2692307692307692,23.53846153846154,1.846153846153846,0.0,0.0,2.0,105.0,693265100
NaN,NaN,NaN,0.2692307692307692,23.53846153846154,1.846153846153846,0.0,0.0,2.0,106.0,693265100
NaN,NaN,NaN,0.2692307692307692,23.53846153846154,1.846153846153846,0.0,0.0,2.0,107.0,693265100
NaN,NaN,NaN,0.2692307692307692,23.615384615384617,1.846153846153846,0.0,0.0,2.0,108.0,693265100
NaN,NaN,NaN,0.2692307692307692,22.576923076923077,1.769230769230769,0.0,0.0,2.0,109.0,693265100
NaN,NaN,NaN,0.2916666666666667,22.083333333333332,1.8333333333333333,0.0,0.0,2.0,110.0,693265100
NaN,NaN,NaN,0.0,21.31818181818182,1.8181818181818181,0.0,0.0,2.0,111.0,693265100
NaN,NaN,NaN,0.0,20.18181818181818,1.8181818181818181,0.0,0.0,2.0,112.0,693265100
NaN,NaN,NaN,0.0,19.80952380952381,1.8095238095238095,0.0,0.0,2.0,113.0,693265100
NaN,NaN,NaN,0.0,19.285714285714285,1.8095238095238095,0.0,0.0,2.0,114.0,693265100
NaN,NaN,NaN,0.0,18.699999999999996,1.7999999999999998,0.0,0.0,2.0,115.0,693265100
NaN,NaN,NaN,0.0,16.950000000000003,1.6999999999999997,0.0,0.0,2.0,116.0,693265100
NaN,NaN,NaN,0.0,18.4,1.7999999999999998,0.0,0.0,2.0,117.0,693265100
NaN,NaN,NaN,0.0,19.095238095238095,1.8095238095238095,0.0,0.0,2.0,118.0,693265100
NaN,NaN,NaN,0.0,17.157894736842106,1.7894736842105263,0.0,0.0,2.0,119.0,693265100
NaN,NaN,NaN,0.0,15.526315789473689,1.6842105263157892,0.0,0.0,2.0,120.0,693265100
NaN,NaN,NaN,0.0,18.05,1.7999999999999998,0.0,0.0,2.0,121.0,693265100
NaN,NaN,NaN,0.0,17.190476190476193,1.714285714285714,0.0,0.0,2.0,122.0,693265100
NaN,NaN,NaN,0.0,18.952380952380953,1.8095238095238093,0.0,0.0,2.0,123.0,693265100
NaN,NaN,NaN,0.0,19.0,1.8095238095238093,0.0,0.0,2.0,124.0,693265100
NaN,NaN,NaN,0.0,19.190476190476193,1.809523809523809,0.0,0.0,2.0,125.0,693265100
NaN,NaN,NaN,0.0,19.90909090909091,1.8181818181818181,0.0,0.0,2.0,126.0,693265100
NaN,NaN,NaN,0.0,19.095238095238095,1.8095238095238093,0.0,0.0,2.0,127.0,693265100
NaN,NaN,NaN,0.0,18.789473684210527,1.789473684210526,0.0,0.0,2.0,128.0,693265100
NaN,NaN,NaN,0.0,18.1,1.7999999999999998,0.0,0.0,2.0,129.0,693265100
NaN,NaN,NaN,0.0,19.0,1.8095238095238093,0.0,0.0,2.0,130.0,693265100
NaN,NaN,NaN,0.0,18.2,1.8,0.0,0.0,2.0,131.0,693265100
NaN,NaN,NaN,0.0,18.1,1.8,0.0,0.0,2.0,132.0,693265100
NaN,NaN,NaN,0.0,18.1,1.8,0.0,0.0,2.0,133.0,693265100
NaN,NaN,NaN,0.0,18.1,1.8,0.0,0.0,2.0,134.0,693265100
NaN,NaN,NaN,0.0,17.23809523809524,1.714285714285714,0.0,0.0,2.0,135.0,693265100
NaN,NaN,NaN,0.0,19.0,1.8095238095238093,0.0,0.0,2.0,136.0,693265100
NaN,NaN,NaN,0.0,19.90909090909091,1.8181818181818181,0.0,0.0,2.0,137.0,693265100
NaN,NaN,NaN,0.0,18.238095238095237,1.714285714285714,0.0,0.0,2.0,138.0,693265100
NaN,NaN,NaN,0.0,17.42857142857143,1.714285714285714,0.0,0.0,2.0,139.0,693265100
NaN,NaN,NaN,0.0,19.0,1.8095238095238093,0.0,0.0,2.0,140.0,693265100
NaN,NaN,NaN,0.0,19.0,1.8095238095238093,0.0,0.0,2.0,141.0,693265100
NaN,NaN,NaN,0.0,19.0,1.8095238095238093,0.0,0.0,2.0,142.0,693265100
NaN,NaN,NaN,0.0,19.90909090909091,1.8181818181818181,0.0,0.0,2.0,143.0,693265100
NaN,NaN,NaN,0.0,19.571428571428573,1.8095238095238093,0.0,0.0,2.0,144.0,693265100
NaN,NaN,NaN,0.0,18.150000000000006,1.8,0.0,0.0,2.0,145.0,693265100
NaN,NaN,NaN,0.0,18.1,1.8,0.0,0.0,2.0,146.0,693265100
NaN,NaN,NaN,0.0,18.1,1.8,0.0,0.0,2.0,147.0,693265100
NaN,NaN,NaN,0.0,18.952380952380953,1.8095238095238093,0.0,0.0,2.0,148.0,693265100
NaN,NaN,NaN,0.0,18.952380952380953,1.8095238095238093,0.0,0.0,2.0,149.0,693265100
NaN,NaN,NaN,0.0,17.857142857142858,1.7142857142857142,0.0,0.0,2.0,150.0,693265100
NaN,NaN,NaN,0.0,19.714285714285715,1.8095238095238093,0.0,0.0,2.0,151.0,693265100
NaN,NaN,NaN,0.0,18.090909090909093,1.727272727272727,0.0,0.0,2.0,152.0,693265100
NaN,NaN,NaN,0.0,19.863636363636363,1.8181818181818181,0.0,0.0,2.0,153.0,693265100
NaN,NaN,NaN,0.0,19.0,1.7391304347826084,0.0,0.0,2.0,154.0,693265100
NaN,NaN,NaN,0.0,20.782608695652176,1.826086956521739,0.0,0.0,2.0,155.0,693265100
NaN,NaN,NaN,0.0,20.782608695652176,1.826086956521739,0.0,0.0,2.0,156.0,693265100
NaN,NaN,NaN,0.0,19.916666666666668,1.75,0.0,0.0,2.0,157.0,693265100
NaN,NaN,NaN,0.0,21.708333333333336,1.8333333333333333,0.0,0.0,2.0,158.0,693265100
NaN,NaN,NaN,0.0,21.47826086956522,1.826086956521739,0.0,0.0,2.0,159.0,693265100
NaN,NaN,NaN,0.0,21.708333333333336,1.8333333333333333,0.0,0.0,2.0,160.0,693265100
NaN,NaN,NaN,0.0,21.47826086956522,1.826086956521739,0.0,0.0,2.0,161.0,693265100
NaN,NaN,NaN,0.0,20.869565217391305,1.826086956521739,0.0,0.0,2.0,162.0,693265100
NaN,NaN,NaN,0.0,20.782608695652176,1.826086956521739,0.0,0.0,2.0,163.0,693265100
NaN,NaN,NaN,0.0,20.045454545454547,1.8181818181818181,0.0,0.0,2.0,164.0,693265100
NaN,NaN,NaN,0.0,19.80952380952381,1.8095238095238095,0.0,0.0,2.0,165.0,693265100
NaN,NaN,NaN,0.0,17.5,1.6999999999999997,0.0,0.0,2.0,166.0,693265100
NaN,NaN,NaN,0.0,18.952380952380953,1.8095238095238095,0.0,0.0,2.0,167.0,693265100
NaN,NaN,NaN,0.0,18.952380952380953,1.8095238095238095,0.0,0.0,2.0,168.0,693265100
NaN,NaN,NaN,0.0,19.333333333333332,1.8095238095238095,0.0,0.0,2.0,169.0,693265100
NaN,NaN,NaN,0.0,19.863636363636363,1.8181818181818181,0.0,0.0,2.0,170.0,693265100
NaN,NaN,NaN,0.0,19.863636363636363,1.8181818181818181,0.0,0.0,2.0,171.0,693265100
NaN,NaN,NaN,0.0,19.863636363636363,1.8181818181818181,0.0,0.0,2.0,172.0,693265100
NaN,NaN,NaN,0.0,20.09090909090909,1.8181818181818181,0.0,0.0,2.0,173.0,693265100
NaN,NaN,NaN,0.0,19.954545454545453,1.8181818181818181,0.0,0.0,2.0,174.0,693265100
NaN,NaN,NaN,0.0,18.545454545454543,1.727272727272727,0.0,0.0,2.0,175.0,693265100
NaN,NaN,NaN,0.0,19.954545454545453,1.8181818181818181,0.0,0.0,2.0,176.0,693265100
NaN,NaN,NaN,0.0,19.086956521739133,1.7391304347826086,0.0,0.0,2.0,177.0,693265100
NaN,NaN,NaN,0.0,19.954545454545453,1.8181818181818181,0.0,0.0,2.0,178.0,693265100
NaN,NaN,NaN,0.0,18.863636363636367,1.727272727272727,0.0,0.0,2.0,179.0,693265100
NaN,NaN,NaN,0.0,19.954545454545453,1.8181818181818181,0.0,0.0,2.0,180.0,693265100
NaN,NaN,NaN,0.0,20.727272727272727,1.8181818181818181,0.0,0.0,2.0,181.0,693265100
NaN,NaN,NaN,0.0,20.869565217391305,1.826086956521739,0.0,0.0,2.0,182.0,693265100
NaN,NaN,NaN,0.0,21.791666666666668,1.8333333333333333,0.0,0.0,2.0,183.0,693265100
NaN,NaN,NaN,0.0,20.92,1.7599999999999998,0.0,0.0,2.0,184.0,693265100
NaN,NaN,NaN,0.0,23.6,1.8399999999999999,0.0,0.0,2.0,185.0,693265100
NaN,NaN,NaN,0.0,21.84615384615385,1.769230769230769,0.0,0.0,2.0,186.0,693265100
NaN,NaN,NaN,0.0,22.77777777777778,1.7777777777777772,0.0,0.0,2.0,187.0,693265100
NaN,NaN,NaN,0.0,24.59259259259259,1.8518518518518516,0.0,0.0,2.0,188.0,693265100
NaN,NaN,NaN,0.0,23.714285714285715,1.7857142857142854,0.0,0.0,2.0,189.0,693265100
NaN,NaN,NaN,0.0,25.535714285714285,1.857142857142857,0.0,0.0,2.0,190.0,693265100
NaN,NaN,NaN,0.0,25.535714285714285,1.857142857142857,0.0,0.0,2.0,191.0,693265100
NaN,NaN,NaN,0.0,26.68965517241379,1.8620689655172413,0.0,0.0,2.0,192.0,693265100
NaN,NaN,NaN,0.0,27.448275862068957,1.8620689655172415,0.0,0.0,2.0,193.0,693265100
NaN,NaN,NaN,0.0,26.68965517241379,1.8620689655172415,0.0,0.0,2.0,194.0,693265100
NaN,NaN,NaN,0.0,26.68965517241379,1.8620689655172415,0.0,0.0,2.0,195.0,693265100
NaN,NaN,NaN,0.0,26.68965517241379,1.8620689655172415,0.0,0.0,2.0,196.0,693265100
NaN,NaN,NaN,0.0,25.923076923076923,1.846153846153846,0.0,0.0,2.0,197.0,693265100
NaN,NaN,NaN,0.0,24.346153846153847,1.846153846153846,0.0,0.0,2.0,198.0,693265100
NaN,NaN,NaN,0.0,23.884615384615383,1.846153846153846,0.0,0.0,2.0,199.0,693265100
NaN,NaN,NaN,0.0,21.92,1.76,0.0,0.0,2.0,200.0,693265100
NaN,NaN,NaN,0.0,22.96,1.84,0.0,0.0,2.0,201.0,693265100
NaN,NaN,NaN,0.0,22.75,1.8333333333333333,0.0,0.0,2.0,202.0,693265100
NaN,NaN,NaN,0.0,21.16,1.7599999999999998,0.0,0.0,2.0,203.0,693265100
NaN,NaN,NaN,0.0,23.884615384615383,1.846153846153846,0.0,0.0,2.0,204.0,693265100
NaN,NaN,NaN,0.0,23.884615384615383,1.846153846153846,0.0,0.0,2.0,205.0,693265100
NaN,NaN,NaN,0.0,23.884615384615383,1.846153846153846,0.0,0.0,2.0,206.0,693265100
NaN,NaN,NaN,0.0,24.814814814814817,1.8518518518518516,0.0,0.0,2.0,207.0,693265100
NaN,NaN,NaN,0.0,24.76923076923077,1.846153846153846,0.0,0.0,2.0,208.0,693265100
NaN,NaN,NaN,0.0,23.807692307692307,1.846153846153846,0.0,0.0,2.0,209.0,693265100
NaN,NaN,NaN,0.0,22.925925925925927,1.7777777777777777,0.0,0.0,2.0,210.0,693265100
NaN,NaN,NaN,0.0,24.740740740740737,1.8518518518518516,0.0,0.0,2.0,211.0,693265100
NaN,NaN,NaN,0.0,23.857142857142854,1.7857142857142858,0.0,0.0,2.0,212.0,693265100
NaN,NaN,NaN,0.0,23.720000000000002,1.84,0.0,0.0,2.0,213.0,693265100
NaN,NaN,NaN,0.0,23.807692307692307,1.846153846153846,0.0,0.0,2.0,214.0,693265100
NaN,NaN,NaN,0.0,22.384615384615383,1.769230769230769,0.0,0.0,2.0,215.0,693265100
NaN,NaN,NaN,0.0,22.925925925925927,1.7777777777777775,0.0,0.0,2.0,216.0,693265100
NaN,NaN,NaN,0.0,24.5,1.8461538461538463,0.0,0.0,2.0,217.0,693265100
NaN,NaN,NaN,0.0,23.560000000000002,1.8399999999999999,0.0,0.0,2.0,218.0,693265100
NaN,NaN,NaN,0.0,22.583333333333332,1.8333333333333333,0.0,0.0,2.0,219.0,693265100
NaN,NaN,NaN,0.0,22.88,1.8399999999999999,0.0,0.0,2.0,220.0,693265100
NaN,NaN,NaN,0.0,22.000000000000004,1.769230769230769,0.0,0.0,2.0,221.0,693265100
NaN,NaN,NaN,0.0,22.925925925925924,1.777777777777778,0.0,0.0,2.0,222.0,693265100
NaN,NaN,NaN,0.0,24.692307692307693,1.846153846153846,0.0,0.0,2.0,223.0,693265100
NaN,NaN,NaN,0.0,22.999999999999993,1.8399999999999999,0.0,0.0,2.0,224.0,693265100
NaN,NaN,NaN,0.0,22.66666666666667,1.8333333333333333,0.0,0.0,2.0,225.0,693265100
NaN,NaN,NaN,0.0,21.304347826086957,1.8260869565217392,0.0,0.0,2.0,226.0,693265100
NaN,NaN,NaN,0.0,19.809523809523807,1.8095238095238095,0.0,0.0,2.0,227.0,693265100
NaN,NaN,NaN,0.0,19.15,1.7999999999999998,0.0,0.0,2.0,228.0,693265100
NaN,NaN,NaN,0.0,19.238095238095237,1.8095238095238095,0.0,0.0,2.0,229.0,693265100
NaN,NaN,NaN,0.0,18.363636363636367,1.727272727272727,0.0,0.0,2.0,230.0,693265100
NaN,NaN,NaN,0.0,21.04347826086957,1.826086956521739,0.0,0.0,2.0,231.0,693265100
NaN,NaN,NaN,0.0,19.26086956521739,1.7391304347826084,0.0,0.0,2.0,232.0,693265100
NaN,NaN,NaN,0.0,21.04347826086957,1.826086956521739,0.0,0.0,2.0,233.0,693265100
NaN,NaN,NaN,0.0,20.166666666666668,1.7499999999999998,0.0,0.0,2.0,234.0,693265100
NaN,NaN,NaN,0.0,20.727272727272727,1.8181818181818181,0.0,0.0,2.0,235.0,693265100
NaN,NaN,NaN,0.0,18.81818181818182,1.727272727272727,0.0,0.0,2.0,236.0,693265100
NaN,NaN,NaN,0.0,19.857142857142854,1.8095238095238095,0.0,0.0,2.0,237.0,693265100
NaN,NaN,NaN,0.0,18.363636363636367,1.7272727272727273,0.0,0.0,2.0,238.0,693265100
NaN,NaN,NaN,0.0,19.26086956521739,1.7391304347826086,0.0,0.0,2.0,239.0,693265100
NaN,NaN,NaN,0.0,21.04347826086957,1.826086956521739,0.0,0.0,2.0,240.0,693265100
NaN,NaN,NaN,0.0,21.04347826086957,1.826086956521739,0.0,0.0,2.0,241.0,693265100
NaN,NaN,NaN,0.0,21.958333333333332,1.8333333333333335,0.0,0.0,2.0,242.0,693265100
NaN,NaN,NaN,0.0,21.958333333333332,1.8333333333333335,0.0,0.0,2.0,243.0,693265100
NaN,NaN,NaN,0.0,21.958333333333332,1.8333333333333335,0.0,0.0,2.0,244.0,693265100
NaN,NaN,NaN,0.0,20.666666666666668,1.7499999999999996,0.0,0.0,2.0,245.0,693265100
NaN,NaN,NaN,0.0,21.347826086956523,1.8260869565217392,0.0,0.0,2.0,246.0,693265100
NaN,NaN,NaN,0.0,21.958333333333332,1.8333333333333333,0.0,0.0,2.0,247.0,693265100
NaN,NaN,NaN,0.0,21.958333333333332,1.8333333333333333,0.0,0.0,2.0,248.0,693265100
NaN,NaN,NaN,0.0,21.958333333333332,1.8333333333333333,0.0,0.0,2.0,249.0,693265100
NaN,NaN,NaN,0.0,21.521739130434778,1.8260869565217392,0.0,0.0,2.0,250.0,693265100
NaN,NaN,NaN,0.0,21.04347826086957,1.8260869565217392,0.0,0.0,2.0,251.0,693265100
NaN,NaN,NaN,0.0,21.958333333333332,1.8333333333333333,0.0,0.0,2.0,252.0,693265100
NaN,NaN,NaN,0.0,21.080000000000002,1.7599999999999998,0.0,0.0,2.0,253.0,693265100
NaN,NaN,NaN,0.0,22.000000000000004,1.769230769230769,0.0,0.0,2.0,254.0,693265100
NaN,NaN,NaN,0.0,23.923076923076923,1.8461538461538463,0.0,0.0,2.0,255.0,693265100
NaN,NaN,NaN,0.0,21.959999999999997,1.7600000000000002,0.0,0.0,2.0,256.0,693265100
NaN,NaN,NaN,0.0,22.880000000000003,1.8399999999999999,0.0,0.0,2.0,257.0,693265100
NaN,NaN,NaN,0.0,22.416666666666664,1.8333333333333333,0.0,0.0,2.0,258.0,693265100
NaN,NaN,NaN,0.0,22.880000000000003,1.8399999999999999,0.0,0.0,2.0,259.0,693265100
NaN,NaN,NaN,0.0,23.759999999999998,1.8399999999999999,0.0,0.0,2.0,260.0,693265100
NaN,NaN,NaN,0.0,22.919999999999998,1.8399999999999999,0.0,0.0,2.0,261.0,693265100
NaN,NaN,NaN,0.0,22.880000000000003,1.8399999999999999,0.0,0.0,2.0,262.0,693265100
NaN,NaN,NaN,0.0,22.0,1.8333333333333335,0.0,0.0,2.0,263.0,693265100
NaN,NaN,NaN,0.0,21.47826086956522,1.8260869565217392,0.0,0.0,2.0,264.0,693265100
NaN,NaN,NaN,0.0,20.041666666666668,1.7499999999999998,0.0,0.0,2.0,265.0,693265100
NaN,NaN,NaN,0.0,21.833333333333332,1.8333333333333333,0.0,0.0,2.0,266.0,693265100
NaN,NaN,NaN,0.0,21.478260869565215,1.8260869565217392,0.0,0.0,2.0,267.0,693265100
NaN,NaN,NaN,0.0,20.91304347826087,1.8260869565217392,0.0,0.0,2.0,268.0,693265100
NaN,NaN,NaN,0.0,21.833333333333332,1.8333333333333335,0.0,0.0,2.0,269.0,693265100
NaN,NaN,NaN,0.0,21.391304347826086,1.8260869565217392,0.0,0.0,2.0,270.0,693265100
NaN,NaN,NaN,0.0,20.041666666666668,1.7499999999999996,0.0,0.0,2.0,271.0,693265100
NaN,NaN,NaN,0.0,21.17391304347826,1.8260869565217392,0.0,0.0,2.0,272.0,693265100
NaN,NaN,NaN,0.0,20.956521739130437,1.8260869565217392,0.0,0.0,2.0,273.0,693265100
NaN,NaN,NaN,0.0,20.956521739130437,1.8260869565217392,0.0,0.0,2.0,274.0,693265100
NaN,NaN,NaN,0.0,21.875,1.8333333333333333,0.0,0.0,2.0,275.0,693265100
NaN,NaN,NaN,0.0,21.000000000000004,1.7599999999999998,0.0,0.0,2.0,276.0,693265100
NaN,NaN,NaN,0.0,21.480000000000004,1.76,0.0,0.0,2.0,277.0,693265100
NaN,NaN,NaN,0.0,22.25,1.8333333333333333,0.0,0.0,2.0,278.0,693265100
NaN,NaN,NaN,0.0,21.875,1.8333333333333333,0.0,0.0,2.0,279.0,693265100
NaN,NaN,NaN,0.0,21.875,1.8333333333333333,0.0,0.0,2.0,280.0,693265100
NaN,NaN,NaN,0.0,22.458333333333332,1.8333333333333335,0.0,0.0,2.0,281.0,693265100
NaN,NaN,NaN,0.0,20.666666666666668,1.75,0.0,0.0,2.0,282.0,693265100
NaN,NaN,NaN,0.0,21.875,1.8333333333333335,0.0,0.0,2.0,283.0,693265100
NaN,NaN,NaN,0.0,22.799999999999997,1.8399999999999999,0.0,0.0,2.0,284.0,693265100
NaN,NaN,NaN,0.0,22.799999999999997,1.8399999999999999,0.0,0.0,2.0,285.0,693265100
NaN,NaN,NaN,0.0,23.119999999999997,1.8399999999999999,0.0,0.0,2.0,286.0,693265100
NaN,NaN,NaN,0.0,22.799999999999997,1.8399999999999999,0.0,0.0,2.0,287.0,693265100
NaN,NaN,NaN,0.0,22.799999999999997,1.8399999999999999,0.0,0.0,2.0,288.0,693265100
NaN,NaN,NaN,0.0,22.959999999999997,1.8399999999999999,0.0,0.0,2.0,289.0,693265100
NaN,NaN,NaN,0.0,22.959999999999997,1.8399999999999999,0.0,0.0,2.0,290.0,693265100
NaN,NaN,NaN,0.0,23.884615384615387,1.846153846153846,0.0,0.0,2.0,291.0,693265100
NaN,NaN,NaN,0.0,23.28,1.84,0.0,0.0,2.0,292.0,693265100
NaN,NaN,NaN,0.0,23.44,1.84,0.0,0.0,2.0,293.0,693265100
NaN,NaN,NaN,0.0,22.959999999999997,1.84,0.0,0.0,2.0,294.0,693265100
NaN,NaN,NaN,0.0,22.076923076923084,1.7692307692307687,0.0,0.0,2.0,295.0,693265100
NaN,NaN,NaN,0.0,23.884615384615387,1.846153846153846,0.0,0.0,2.0,296.0,693265100
NaN,NaN,NaN,0.0,23.708333333333336,1.8333333333333333,0.0,0.0,2.0,297.0,693265100
NaN,NaN,NaN,0.0,22.041666666666668,1.8333333333333333,0.0,0.0,2.0,298.0,693265100
NaN,NaN,NaN,0.0,20.791666666666668,1.75,0.0,0.0,2.0,299.0,693265100
NaN,NaN,NaN,0.0,21.47826086956522,1.826086956521739,0.0,0.0,2.0,300.0,693265100
NaN,NaN,NaN,0.0,20.25,1.7499999999999998,0.0,0.0,2.0,301.0,693265100
NaN,NaN,NaN,0.0,21.16,1.76,0.0,0.0,2.0,302.0,693265100
NaN,NaN,NaN,0.0,22.076923076923084,1.769230769230769,0.0,0.0,2.0,303.0,693265100
NaN,NaN,NaN,0.0,24.814814814814813,1.8518518518518516,0.0,0.0,2.0,304.0,693265100
NaN,NaN,NaN,0.0,24.925925925925927,1.8518518518518516,0.0,0.0,2.0,305.0,693265100
NaN,NaN,NaN,0.0,24.230769230769234,1.8461538461538463,0.0,0.0,2.0,306.0,693265100
NaN,NaN,NaN,0.0,24.769230769230766,1.846153846153846,0.0,0.0,2.0,307.0,693265100
NaN,NaN,NaN,0.0,24.925925925925927,1.8518518518518516,0.0,0.0,2.0,308.0,693265100
NaN,NaN,NaN,0.0,24.925925925925927,1.8518518518518516,0.0,0.0,2.0,309.0,693265100
NaN,NaN,NaN,0.0,24.807692307692307,1.846153846153846,0.0,0.0,2.0,310.0,693265100
NaN,NaN,NaN,0.0,24.0,1.846153846153846,0.0,0.0,2.0,311.0,693265100
NaN,NaN,NaN,0.0,23.48,1.84,0.0,0.0,2.0,312.0,693265100
NaN,NaN,NaN,0.0,22.043478260869563,1.826086956521739,0.0,0.0,2.0,313.0,693265100
NaN,NaN,NaN,0.0,21.26086956521739,1.826086956521739,0.0,0.0,2.0,314.0,693265100
NaN,NaN,NaN,0.0,21.26086956521739,1.826086956521739,0.0,0.0,2.0,315.0,693265100
NaN,NaN,NaN,0.0,21.173913043478258,1.826086956521739,0.0,0.0,2.0,316.0,693265100
NaN,NaN,NaN,0.0,21.0,1.826086956521739,0.0,0.0,2.0,317.0,693265100
NaN,NaN,NaN,0.0,20.136363636363637,1.8181818181818181,0.0,0.0,2.0,318.0,693265100
NaN,NaN,NaN,0.0,19.571428571428573,1.8095238095238093,0.0,0.0,2.0,319.0,693265100
NaN,NaN,NaN,0.0,19.049999999999997,1.8,0.0,0.0,2.0,320.0,693265100
NaN,NaN,NaN,0.0,18.299999999999997,1.8,0.0,0.0,2.0,321.0,693265100
NaN,NaN,NaN,0.0,18.0,1.7894736842105263,0.0,0.0,2.0,322.0,693265100
NaN,NaN,NaN,0.0,17.111111111111107,1.7777777777777777,0.0,0.0,2.0,323.0,693265100
NaN,NaN,NaN,0.0,16.555555555555557,1.7777777777777777,0.0,0.0,2.0,324.0,693265100
NaN,NaN,NaN,0.0,16.58823529411765,1.7647058823529411,0.0,0.0,2.0,325.0,693265100
NaN,NaN,NaN,0.0,15.5625,1.75,0.0,0.0,2.0,326.0,693265100
NaN,NaN,NaN,0.0,14.875,1.75,0.0,0.0,2.0,327.0,693265100
NaN,NaN,NaN,0.0,14.875,1.75,0.0,0.0,2.0,328.0,693265100
NaN,NaN,NaN,0.0,14.875,1.75,0.0,0.0,2.0,329.0,693265100
NaN,NaN,NaN,0.0,14.0,1.7333333333333332,0.0,0.0,2.0,330.0,693265100
NaN,NaN,NaN,0.0,13.142857142857142,1.7142857142857142,0.0,0.0,2.0,331.0,693265100
NaN,NaN,NaN,0.0,12.307692307692308,1.692307692307692,0.0,0.0,2.0,332.0,693265100
NaN,NaN,NaN,0.0,11.846153846153845,1.692307692307692,0.0,0.0,2.0,333.0,693265100
NaN,NaN,NaN,0.0,11.076923076923077,1.692307692307692,0.0,0.0,2.0,334.0,693265100
NaN,NaN,NaN,0.0,11.076923076923077,1.692307692307692,0.0,0.0,2.0,335.0,693265100
NaN,NaN,NaN,0.0,11.076923076923077,1.692307692307692,0.0,0.0,2.0,336.0,693265100
NaN,NaN,NaN,0.0,11.076923076923077,1.692307692307692,0.0,0.0,2.0,337.0,693265100
NaN,NaN,NaN,0.0,11.076923076923077,1.692307692307692,0.0,0.0,2.0,338.0,693265100
NaN,NaN,NaN,0.0,10.333333333333332,1.6666666666666667,0.0,0.0,2.0,339.0,693265100
NaN,NaN,NaN,0.0,10.249999999999998,1.6666666666666667,0.0,0.0,2.0,340.0,693265100
NaN,NaN,NaN,0.0,10.166666666666666,1.6666666666666667,0.0,0.0,2.0,341.0,693265100
NaN,NaN,NaN,0.0,9.7,1.5999999999999999,0.0,0.0,2.0,342.0,693265100
NaN,NaN,NaN,0.0,8.333333333333334,1.5555555555555556,0.0,0.0,2.0,343.0,693265100
NaN,NaN,NaN,0.0,7.125,1.5,0.0,0.0,2.0,344.0,693265100
NaN,NaN,NaN,0.0,6.571428571428572,1.4285714285714286,0.0,0.0,2.0,345.0,693265100
NaN,NaN,NaN,0.0,6.285714285714286,1.4285714285714286,0.0,0.0,2.0,346.0,693265100
NaN,NaN,NaN,0.0,5.666666666666667,1.3333333333333335,0.0,0.0,2.0,347.0,693265100
NaN,NaN,NaN,0.0,5.5,1.3333333333333335,0.0,0.0,2.0,348.0,693265100
NaN,NaN,NaN,0.0,5.5,1.3333333333333335,0.0,0.0,2.0,349.0,693265100
NaN,NaN,NaN,0.0,4.714285714285714,1.142857142857143,0.0,0.0,2.0,350.0,693265100
NaN,NaN,NaN,0.0,6.0,1.3333333333333335,0.0,0.0,2.0,351.0,693265100
NaN,NaN,NaN,0.0,5.6,1.2,0.0,0.0,2.0,352.0,693265100
NaN,NaN,NaN,0.0,4.166666666666667,1.0,0.0,0.0,2.0,353.0,693265100
NaN,NaN,NaN,0.0,5.333333333333333,1.3333333333333335,0.0,0.0,2.0,354.0,693265100
NaN,NaN,NaN,0.0,3.8,1.2,0.0,0.0,2.0,355.0,693265100
NaN,NaN,NaN,0.0,4.0,1.3333333333333335,0.0,0.0,2.0,356.0,693265100
NaN,NaN,NaN,0.0,4.0,1.3333333333333335,0.0,0.0,2.0,357.0,693265100
NaN,NaN,NaN,0.0,3.428571428571429,1.142857142857143,0.0,0.0,2.0,358.0,693265100
NaN,NaN,NaN,0.0,4.125,1.25,0.0,0.0,2.0,359.0,693265100
NaN,NaN,NaN,0.0,4.888888888888889,1.3333333333333333,0.0,0.0,2.0,360.0,693265100
NaN,NaN,NaN,0.0,6.333333333333333,1.5555555555555556,0.0,0.0,2.0,361.0,693265100
NaN,NaN,NaN,0.0,6.333333333333333,1.5555555555555556,0.0,0.0,2.0,362.0,693265100
NaN,NaN,NaN,0.0,6.333333333333333,1.5555555555555556,0.0,0.0,2.0,363.0,693265100
NaN,NaN,NaN,0.0,6.333333333333333,1.5555555555555556,0.0,0.0,2.0,364.0,693265100
NaN,NaN,NaN,0.0,6.333333333333333,1.5555555555555556,0.0,0.0,2.0,365.0,693265100
NaN,NaN,NaN,0.0,6.333333333333333,1.5555555555555556,0.0,0.0,2.0,366.0,693265100
NaN,NaN,NaN,0.0,6.333333333333333,1.5555555555555556,0.0,0.0,2.0,367.0,693265100
NaN,NaN,NaN,0.0,6.333333333333333,1.5555555555555556,0.0,0.0,2.0,368.0,693265100
NaN,NaN,NaN,0.0,6.666666666666667,1.5555555555555556,0.0,0.0,2.0,369.0,693265100
NaN,NaN,NaN,0.0,6.666666666666667,1.5555555555555556,0.0,0.0,2.0,370.0,693265100
NaN,NaN,NaN,0.0,6.666666666666667,1.5555555555555556,0.0,0.0,2.0,371.0,693265100
NaN,NaN,NaN,0.0,6.666666666666667,1.5555555555555556,0.0,0.0,2.0,372.0,693265100
NaN,NaN,NaN,0.0,6.666666666666667,1.5555555555555556,0.0,0.0,2.0,373.0,693265100
NaN,NaN,NaN,0.0,6.666666666666667,1.5555555555555556,0.0,0.0,2.0,374.0,693265100
NaN,NaN,NaN,0.0,7.0,1.5555555555555556,0.0,0.0,2.0,375.0,693265100
NaN,NaN,NaN,0.0,7.0,1.5555555555555556,0.0,0.0,2.0,376.0,693265100
NaN,NaN,NaN,0.0,7.0,1.5555555555555556,0.0,0.0,2.0,377.0,693265100
NaN,NaN,NaN,0.0,7.0,1.5555555555555556,0.0,0.0,2.0,378.0,693265100
NaN,NaN,NaN,0.0,7.0,1.5555555555555556,0.0,0.0,2.0,379.0,693265100
NaN,NaN,NaN,0.0,7.0,1.5555555555555556,0.0,0.0,2.0,380.0,693265100
NaN,NaN,NaN,0.0,6.625,1.5,0.0,0.0,2.0,381.0,693265100
NaN,NaN,NaN,0.0,6.25,1.5,0.0,0.0,2.0,382.0,693265100
NaN,NaN,NaN,0.0,6.25,1.5,0.0,0.0,2.0,383.0,693265100
NaN,NaN,NaN,0.0,6.25,1.5,0.0,0.0,2.0,384.0,693265100
NaN,NaN,NaN,0.0,6.25,1.5,0.0,0.0,2.0,385.0,693265100
NaN,NaN,NaN,0.0,6.25,1.5,0.0,0.0,2.0,386.0,693265100
NaN,NaN,NaN,0.0,6.25,1.5,0.0,0.0,2.0,387.0,693265100
NaN,NaN,NaN,0.0,6.25,1.5,0.0,0.0,2.0,388.0,693265100
NaN,NaN,NaN,0.0,6.25,1.5,0.0,0.0,2.0,389.0,693265100
NaN,NaN,NaN,0.0,6.125,1.5,0.0,0.0,2.0,390.0,693265100
NaN,NaN,NaN,0.0,6.125,1.5,0.0,0.0,2.0,391.0,693265100
NaN,NaN,NaN,0.0,5.714285714285714,1.4285714285714286,0.0,0.0,2.0,392.0,693265100
NaN,NaN,NaN,0.0,5.428571428571429,1.4285714285714286,0.0,0.0,2.0,393.0,693265100
NaN,NaN,NaN,0.0,5.142857142857143,1.4285714285714286,0.0,0.0,2.0,394.0,693265100
NaN,NaN,NaN,0.0,5.0,1.4285714285714286,0.0,0.0,2.0,395.0,693265100
NaN,NaN,NaN,0.0,4.5,1.3333333333333335,0.0,0.0,2.0,396.0,693265100
NaN,NaN,NaN,0.0,4.166666666666667,1.3333333333333335,0.0,0.0,2.0,397.0,693265100
NaN,NaN,NaN,0.0,4.166666666666667,1.3333333333333335,0.0,0.0,2.0,398.0,693265100
NaN,NaN,NaN,0.0,4.166666666666667,1.3333333333333335,0.0,0.0,2.0,399.0,693265100
NaN,NaN,NaN,0.0,4.166666666666667,1.3333333333333335,0.0,0.0,2.0,400.0,693265100
NaN,NaN,NaN,0.0,4.166666666666667,1.3333333333333335,0.0,0.0,2.0,401.0,693265100
NaN,NaN,NaN,0.0,4.166666666666667,1.3333333333333335,0.0,0.0,2.0,402.0,693265100
NaN,NaN,NaN,0.0,4.0,1.2,0.0,0.0,2.0,403.0,693265100
NaN,NaN,NaN,0.0,3.4,1.2,0.0,0.0,2.0,404.0,693265100
NaN,NaN,NaN,0.0,3.25,1.0,0.0,0.0,2.0,405.0,693265100
NaN,NaN,NaN,0.0,1.6666666666666667,0.6666666666666667,0.0,0.0,2.0,406.0,693265100
NaN,NaN,NaN,0.0,0.5,0.0,0.0,0.0,2.0,407.0,693265100
NaN,NaN,NaN,0.0,0.0,0.0,0.0,0.0,2.0,408.0,693265100
NaN,NaN,NaN,0.0,0.0,0.0,0.0,0.0,2.0,409.0,693265100
NaN,NaN,NaN,0.0,0.0,0.0,0.0,0.0,2.0,410.0,693265100
NaN,NaN,NaN,0.0,0.0,0.0,0.0,0.0,2.0,411.0,693265100
NaN,NaN,NaN,0.0,0.0,0.0,0.0,0.0,2.0,412.0,693265100
NaN,NaN,NaN,0.0,0.0,0.0,0.0,0.0,2.0,413.0,693265100
NaN,NaN,NaN,0.0,0.0,0.0,0.0,0.0,2.0,414.0,693265100
NaN,NaN,NaN,0.0,0.0,0.0,0.0,0.0,2.0,415.0,693265100
NaN,NaN,NaN,0.0,0.0,0.0,0.0,0.0,2.0,416.0,693265100
NaN,NaN,NaN,0.0,0.33333333333333337,0.6666666666666667,0.0,0.0,2.0,417.0,693265100
NaN,NaN,NaN,0.0,1.0,1.0,0.0,0.0,2.0,418.0,693265100
NaN,NaN,NaN,0.0,1.5,1.0,0.0,0.0,2.0,419.0,693265100
NaN,NaN,NaN,0.0,1.5,1.0,0.0,0.0,2.0,420.0,693265100
NaN,NaN,NaN,0.0,1.5,1.0,0.0,0.0,2.0,421.0,693265100
NaN,NaN,NaN,0.0,2.0,1.0,0.0,0.0,2.0,422.0,693265100
NaN,NaN,NaN,0.0,2.0,1.0,0.0,0.0,2.0,423.0,693265100
NaN,NaN,NaN,0.0,2.0,1.0,0.0,0.0,2.0,424.0,693265100
NaN,NaN,NaN,0.0,2.0,1.0,0.0,0.0,2.0,425.0,693265100
NaN,NaN,NaN,0.0,2.0,1.0,0.0,0.0,2.0,426.0,693265100
NaN,NaN,NaN,0.0,2.0,1.0,0.0,0.0,2.0,427.0,693265100
NaN,NaN,NaN,0.0,2.0,1.0,0.0,0.0,2.0,428.0,693265100
NaN,NaN,NaN,0.0,2.0,1.0,0.0,0.0,2.0,429.0,693265100
NaN,NaN,NaN,0.0,2.0,1.0,0.0,0.0,2.0,430.0,693265100
NaN,NaN,NaN,0.0,2.0,1.0,0.0,0.0,2.0,431.0,693265100
NaN,NaN,NaN,0.0,2.0,1.0,0.0,0.0,2.0,432.0,693265100
NaN,NaN,NaN,0.0,2.0,1.0,0.0,0.0,2.0,433.0,693265100
NaN,NaN,NaN,0.0,2.0,1.0,0.0,0.0,2.0,434.0,693265100
NaN,NaN,NaN,0.0,2.0,1.0,0.0,0.0,2.0,435.0,693265100
NaN,NaN,NaN,0.0,2.0,1.0,0.0,0.0,2.0,436.0,693265100
NaN,NaN,NaN,0.0,2.0,1.0,0.0,0.0,2.0,437.0,693265100
NaN,NaN,NaN,0.0,2.0,1.0,0.0,0.0,2.0,438.0,693265100
NaN,NaN,NaN,0.0,2.0,1.0,0.0,0.0,2.0,439.0,693265100
NaN,NaN,NaN,0.0,2.0,1.0,0.0,0.0,2.0,440.0,693265100
NaN,NaN,NaN,0.0,2.0,1.0,0.0,0.0,2.0,441.0,693265100
NaN,NaN,NaN,0.0,2.0,1.0,0.0,0.0,2.0,442.0,693265100
NaN,NaN,NaN,0.0,2.0,1.0,0.0,0.0,2.0,443.0,693265100
NaN,NaN,NaN,0.0,2.0,1.0,0.0,0.0,2.0,444.0,693265100
NaN,NaN,NaN,0.0,2.0,1.0,0.0,0.0,2.0,445.0,693265100
NaN,NaN,NaN,0.0,2.0,1.0,0.0,0.0,2.0,446.0,693265100
NaN,NaN,NaN,0.0,2.0,1.0,0.0,0.0,2.0,447.0,693265100
NaN,NaN,NaN,0.0,2.0,1.0,0.0,0.0,2.0,448.0,693265100
NaN,NaN,NaN,0.0,2.0,1.0,0.0,0.0,2.0,449.0,693265100
NaN,NaN,NaN,0.0,2.0,1.0,0.0,0.0,2.0,450.0,693265100
NaN,NaN,NaN,0.0,2.0,1.0,0.0,0.0,2.0,451.0,693265100
NaN,NaN,NaN,0.0,2.0,1.0,0.0,0.0,2.0,452.0,693265100
NaN,NaN,NaN,0.0,2.0,1.0,0.0,0.0,2.0,453.0,693265100
NaN,NaN,NaN,0.0,2.0,1.0,0.0,0.0,2.0,454.0,693265100
NaN,NaN,NaN,0.0,2.0,1.0,0.0,0.0,2.0,455.0,693265100
NaN,NaN,NaN,0.0,2.0,1.0,0.0,0.0,2.0,456.0,693265100
NaN,NaN,NaN,0.0,2.0,1.0,0.0,0.0,2.0,457.0,693265100
NaN,NaN,NaN,0.0,1.6666666666666667,0.6666666666666667,0.0,0.0,2.0,458.0,693265100
NaN,NaN,NaN,0.0,1.3333333333333333,0.6666666666666667,0.0,0.0,2.0,459.0,693265100
NaN,NaN,NaN,0.0,1.0,0.6666666666666667,0.0,0.0,2.0,460.0,693265100
NaN,NaN,NaN,0.0,1.0,0.0,0.0,0.0,2.0,461.0,693265100
NaN,NaN,NaN,0.0,0.5,0.0,0.0,0.0,2.0,462.0,693265100
NaN,NaN,NaN,0.0,0.5,0.0,0.0,0.0,2.0,463.0,693265100
NaN,NaN,NaN,0.0,0.0,0.0,0.0,0.0,2.0,464.0,693265100
NaN,NaN,NaN,0.0,0.0,0.0,0.0,0.0,2.0,465.0,693265100
NaN,NaN,NaN,0.0,0.0,0.0,0.0,0.0,2.0,466.0,693265100
NaN,NaN,NaN,0.0,0.0,0.0,0.0,0.0,2.0,467.0,693265100
NaN,NaN,NaN,0.0,0.0,0.0,0.0,0.0,2.0,468.0,693265100
NaN,NaN,NaN,0.0,0.0,0.0,0.0,0.0,2.0,469.0,693265100
NaN,NaN,NaN,0.0,0.0,0.0,0.0,0.0,2.0,470.0,693265100
NaN,NaN,NaN,0.0,0.6666666666666667,0.6666666666666667,0.0,0.0,2.0,471.0,693265100
NaN,NaN,NaN,0.0,1.5,1.0,0.0,0.0,2.0,472.0,693265100
NaN,NaN,NaN,0.0,1.4,0.8,0.0,0.0,2.0,473.0,693265100
NaN,NaN,NaN,0.0,2.4,1.2,0.0,0.0,2.0,474.0,693265100
NaN,NaN,NaN,0.0,2.4,1.2,0.0,0.0,2.0,475.0,693265100
NaN,NaN,NaN,0.0,2.4,1.2,0.0,0.0,2.0,476.0,693265100
NaN,NaN,NaN,0.0,2.8,1.2,0.0,0.0,2.0,477.0,693265100
NaN,NaN,NaN,0.0,2.8,1.2,0.0,0.0,2.0,478.0,693265100
NaN,NaN,NaN,0.0,2.8,1.2,0.0,0.0,2.0,479.0,693265100
NaN,NaN,NaN,0.0,2.8,1.2,0.0,0.0,2.0,480.0,693265100
NaN,NaN,NaN,0.0,2.8,1.2,0.0,0.0,2.0,481.0,693265100
NaN,NaN,NaN,0.0,2.8,1.2,0.0,0.0,2.0,482.0,693265100
NaN,NaN,NaN,0.0,2.8,1.2,0.0,0.0,2.0,483.0,693265100
NaN,NaN,NaN,0.0,3.0,1.2,0.0,0.0,2.0,484.0,693265100
NaN,NaN,NaN,0.0,3.0,1.2,0.0,0.0,2.0,485.0,693265100
NaN,NaN,NaN,0.0,3.0,1.2,0.0,0.0,2.0,486.0,693265100
NaN,NaN,NaN,0.0,3.0,1.2,0.0,0.0,2.0,487.0,693265100
NaN,NaN,NaN,0.0,3.0,1.2,0.0,0.0,2.0,488.0,693265100
NaN,NaN,NaN,0.0,3.0,1.2,0.0,0.0,2.0,489.0,693265100
NaN,NaN,NaN,0.0,3.0,1.2,0.0,0.0,2.0,490.0,693265100
NaN,NaN,NaN,0.0,3.0,1.2,0.0,0.0,2.0,491.0,693265100
NaN,NaN,NaN,0.0,3.0,1.2,0.0,0.0,2.0,492.0,693265100
NaN,NaN,NaN,0.0,3.0,1.2,0.0,0.0,2.0,493.0,693265100
NaN,NaN,NaN,0.0,3.0,1.2,0.0,0.0,2.0,494.0,693265100
NaN,NaN,NaN,0.0,3.0,1.2,0.0,0.0,2.0,495.0,693265100
NaN,NaN,NaN,0.0,3.0,1.2,0.0,0.0,2.0,496.0,693265100
NaN,NaN,NaN,0.0,3.0,1.2,0.0,0.0,2.0,497.0,693265100
NaN,NaN,NaN,0.0,3.0,1.2,0.0,0.0,2.0,498.0,693265100
NaN,NaN,NaN,0.0,3.0,1.2,0.0,0.0,2.0,499.0,693265100
NaN,NaN,NaN,0.0,3.0,1.2,0.0,0.0,2.0,500.0,693265100
NaN,NaN,NaN,0.0,3.0,1.2,0.0,0.0,2.0,501.0,693265100
NaN,NaN,NaN,0.0,3.0,1.2,0.0,0.0,2.0,502.0,693265100
NaN,NaN,NaN,0.0,3.0,1.2,0.0,0.0,2.0,503.0,693265100
NaN,NaN,NaN,0.0,3.0,1.2,0.0,0.0,2.0,504.0,693265100
NaN,NaN,NaN,0.0,3.0,1.2,0.0,0.0,2.0,505.0,693265100
NaN,NaN,NaN,0.0,3.0,1.2,0.0,0.0,2.0,506.0,693265100
NaN,NaN,NaN,0.0,3.0,1.2,0.0,0.0,2.0,507.0,693265100
NaN,NaN,NaN,0.0,3.0,1.2,0.0,0.0,2.0,508.0,693265100
NaN,NaN,NaN,0.0,3.0,1.2,0.0,0.0,2.0,509.0,693265100
NaN,NaN,NaN,0.0,3.0,1.2,0.0,0.0,2.0,510.0,693265100
NaN,NaN,NaN,0.0,3.0,1.2,0.0,0.0,2.0,511.0,693265100
NaN,NaN,NaN,0.0,3.0,1.2,0.0,0.0,2.0,512.0,693265100
NaN,NaN,NaN,0.0,3.0,1.2,0.0,0.0,2.0,513.0,693265100
NaN,NaN,NaN,0.0,3.0,1.2,0.0,0.0,2.0,514.0,693265100
NaN,NaN,NaN,0.0,2.75,1.0,0.0,0.0,2.0,515.0,693265100
NaN,NaN,NaN,0.0,2.0,0.6666666666666667,0.0,0.0,2.0,516.0,693265100
NaN,NaN,NaN,0.0,1.3333333333333333,0.6666666666666667,0.0,0.0,2.0,517.0,693265100
NaN,NaN,NaN,0.0,1.0,0.6666666666666667,0.0,0.0,2.0,518.0,693265100
NaN,NaN,NaN,0.0,1.0,0.6666666666666667,0.0,0.0,2.0,519.0,693265100
NaN,NaN,NaN,0.0,1.0,0.6666666666666667,0.0,0.0,2.0,520.0,693265100
NaN,NaN,NaN,0.0,1.0,0.0,0.0,0.0,2.0,521.0,693265100
NaN,NaN,NaN,0.0,0.5,0.0,0.0,0.0,2.0,522.0,693265100
NaN,NaN,NaN,0.0,0.5,0.0,0.0,0.0,2.0,523.0,693265100
NaN,NaN,NaN,0.0,0.5,0.0,0.0,0.0,2.0,524.0,693265100
NaN,NaN,NaN,0.0,0.0,0.0,0.0,0.0,2.0,525.0,693265100
NaN,NaN,NaN,0.0,0.0,0.0,0.0,0.0,2.0,526.0,693265100
NaN,NaN,NaN,0.0,0.0,0.0,0.0,0.0,2.0,527.0,693265100
NaN,NaN,NaN,0.0,0.33333333333333337,0.6666666666666667,0.0,0.0,2.0,528.0,693265100
NaN,NaN,NaN,0.0,0.6666666666666666,0.6666666666666667,0.0,0.0,2.0,529.0,693265100
NaN,NaN,NaN,0.0,0.6666666666666666,0.6666666666666667,0.0,0.0,2.0,530.0,693265100
NaN,NaN,NaN,0.0,0.6666666666666666,0.6666666666666667,0.0,0.0,2.0,531.0,693265100
NaN,NaN,NaN,0.0,0.6666666666666666,0.6666666666666667,0.0,0.0,2.0,532.0,693265100
NaN,NaN,NaN,0.0,0.6666666666666666,0.6666666666666667,0.0,0.0,2.0,533.0,693265100
NaN,NaN,NaN,0.0,0.6666666666666666,0.6666666666666667,0.0,0.0,2.0,534.0,693265100
NaN,NaN,NaN,0.0,0.6666666666666666,0.6666666666666667,0.0,0.0,2.0,535.0,693265100
NaN,NaN,NaN,0.0,0.6666666666666666,0.6666666666666667,0.0,0.0,2.0,536.0,693265100
NaN,NaN,NaN,0.0,0.6666666666666666,0.6666666666666667,0.0,0.0,2.0,537.0,693265100
NaN,NaN,NaN,0.0,0.6666666666666666,0.6666666666666667,0.0,0.0,2.0,538.0,693265100
NaN,NaN,NaN,0.0,0.6666666666666666,0.6666666666666667,0.0,0.0,2.0,539.0,693265100
NaN,NaN,NaN,0.0,1.0,0.6666666666666667,0.0,0.0,2.0,540.0,693265100
NaN,NaN,NaN,0.0,1.0,0.6666666666666667,0.0,0.0,2.0,541.0,693265100
NaN,NaN,NaN,0.0,1.0,0.6666666666666667,0.0,0.0,2.0,542.0,693265100
NaN,NaN,NaN,0.0,1.0,0.6666666666666667,0.0,0.0,2.0,543.0,693265100
NaN,NaN,NaN,0.0,1.0,0.6666666666666667,0.0,0.0,2.0,544.0,693265100
NaN,NaN,NaN,0.0,1.0,0.6666666666666667,0.0,0.0,2.0,545.0,693265100
NaN,NaN,NaN,0.0,1.0,0.6666666666666667,0.0,0.0,2.0,546.0,693265100
NaN,NaN,NaN,0.0,1.0,0.6666666666666667,0.0,0.0,2.0,547.0,693265100
NaN,NaN,NaN,0.0,1.0,0.6666666666666667,0.0,0.0,2.0,548.0,693265100
NaN,NaN,NaN,0.0,1.0,0.6666666666666667,0.0,0.0,2.0,549.0,693265100
NaN,NaN,NaN,0.0,1.0,0.6666666666666667,0.0,0.0,2.0,550.0,693265100
NaN,NaN,NaN,0.0,1.0,0.6666666666666667,0.0,0.0,2.0,551.0,693265100
NaN,NaN,NaN,0.0,1.0,0.6666666666666667,0.0,0.0,2.0,552.0,693265100
NaN,NaN,NaN,0.0,1.0,0.6666666666666667,0.0,0.0,2.0,553.0,693265100
NaN,NaN,NaN,0.0,1.0,0.6666666666666667,0.0,0.0,2.0,554.0,693265100
NaN,NaN,NaN,0.0,1.0,0.6666666666666667,0.0,0.0,2.0,555.0,693265100
NaN,NaN,NaN,0.0,0.75,0.5,0.0,0.0,2.0,556.0,693265100
NaN,NaN,NaN,0.0,1.75,1.0,0.0,0.0,2.0,557.0,693265100
NaN,NaN,NaN,0.0,1.75,1.0,0.0,0.0,2.0,558.0,693265100
NaN,NaN,NaN,0.0,1.4,0.8,0.0,0.0,2.0,559.0,693265100
NaN,NaN,NaN,0.0,2.4,1.2,0.0,0.0,2.0,560.0,693265100
NaN,NaN,NaN,0.0,2.8,1.2,0.0,0.0,2.0,561.0,693265100
NaN,NaN,NaN,0.0,2.8,1.2,0.0,0.0,2.0,562.0,693265100
NaN,NaN,NaN,0.0,2.8,1.2,0.0,0.0,2.0,563.0,693265100
NaN,NaN,NaN,0.0,3.0,1.2,0.0,0.0,2.0,564.0,693265100
NaN,NaN,NaN,0.0,3.0,1.2,0.0,0.0,2.0,565.0,693265100
NaN,NaN,NaN,0.0,3.0,1.2,0.0,0.0,2.0,566.0,693265100
NaN,NaN,NaN,0.0,3.0,1.2,0.0,0.0,2.0,567.0,693265100
NaN,NaN,NaN,0.0,3.0,1.2,0.0,0.0,2.0,568.0,693265100
NaN,NaN,NaN,0.0,3.0,1.2,0.0,0.0,2.0,569.0,693265100
NaN,NaN,NaN,0.0,3.0,1.2,0.0,0.0,2.0,570.0,693265100
NaN,NaN,NaN,0.0,3.0,1.2,0.0,0.0,2.0,571.0,693265100
NaN,NaN,NaN,0.0,3.0,1.2,0.0,0.0,2.0,572.0,693265100
NaN,NaN,NaN,0.0,3.0,1.2,0.0,0.0,2.0,573.0,693265100
NaN,NaN,NaN,0.0,3.0,1.2,0.0,0.0,2.0,574.0,693265100
NaN,NaN,NaN,0.0,2.75,1.0,0.0,0.0,2.0,575.0,693265100
NaN,NaN,NaN,0.0,2.25,1.0,0.0,0.0,2.0,576.0,693265100
NaN,NaN,NaN,0.0,2.25,1.0,0.0,0.0,2.0,577.0,693265100
NaN,NaN,NaN,0.0,2.25,1.0,0.0,0.0,2.0,578.0,693265100
NaN,NaN,NaN,0.0,2.25,1.0,0.0,0.0,2.0,579.0,693265100
NaN,NaN,NaN,0.0,2.0,1.0,0.0,0.0,2.0,580.0,693265100
NaN,NaN,NaN,0.0,2.0,1.0,0.0,0.0,2.0,581.0,693265100
NaN,NaN,NaN,0.0,2.0,1.0,0.0,0.0,2.0,582.0,693265100
NaN,NaN,NaN,0.0,2.0,1.0,0.0,0.0,2.0,583.0,693265100
NaN,NaN,NaN,0.0,2.0,1.0,0.0,0.0,2.0,584.0,693265100
NaN,NaN,NaN,0.0,2.0,1.0,0.0,0.0,2.0,585.0,693265100
NaN,NaN,NaN,0.0,2.0,1.0,0.0,0.0,2.0,586.0,693265100
NaN,NaN,NaN,0.0,2.0,1.0,0.0,0.0,2.0,587.0,693265100
NaN,NaN,NaN,0.0,2.0,1.0,0.0,0.0,2.0,588.0,693265100
NaN,NaN,NaN,0.0,2.0,1.0,0.0,0.0,2.0,589.0,693265100
NaN,NaN,NaN,0.0,2.0,1.0,0.0,0.0,2.0,590.0,693265100
NaN,NaN,NaN,0.0,2.0,1.0,0.0,0.0,2.0,591.0,693265100
NaN,NaN,NaN,0.0,2.0,1.0,0.0,0.0,2.0,592.0,693265100
NaN,NaN,NaN,0.0,2.0,1.0,0.0,0.0,2.0,593.0,693265100
NaN,NaN,NaN,0.0,2.0,1.0,0.0,0.0,2.0,594.0,693265100
NaN,NaN,NaN,0.0,2.0,1.0,0.0,0.0,2.0,595.0,693265100
NaN,NaN,NaN,0.0,2.0,1.0,0.0,0.0,2.0,596.0,693265100
NaN,NaN,NaN,0.0,2.0,1.0,0.0,0.0,2.0,597.0,693265100
NaN,NaN,NaN,0.0,2.0,1.0,0.0,0.0,2.0,598.0,693265100
NaN,NaN,NaN,0.0,2.0,1.0,0.0,0.0,2.0,599.0,693265100
NaN,NaN,NaN,0.0,2.0,1.0,0.0,0.0,2.0,600.0,693265100
NaN,NaN,NaN,0.0,2.0,1.0,0.0,0.0,2.0,601.0,693265100
NaN,NaN,NaN,0.0,1.6666666666666667,0.6666666666666667,0.0,0.0,2.0,602.0,693265100
NaN,NaN,NaN,0.0,1.3333333333333333,0.6666666666666667,0.0,0.0,2.0,603.0,693265100
NaN,NaN,NaN,0.0,1.3333333333333333,0.6666666666666667,0.0,0.0,2.0,604.0,693265100
NaN,NaN,NaN,0.0,1.3333333333333333,0.6666666666666667,0.0,0.0,2.0,605.0,693265100
NaN,NaN,NaN,0.0,1.0,0.5,0.0,0.0,2.0,606.0,693265100
NaN,NaN,NaN,0.0,1.3333333333333333,0.6666666666666667,0.0,0.0,2.0,607.0,693265100
NaN,NaN,NaN,0.0,1.0,0.5,0.0,0.0,2.0,608.0,693265100
NaN,NaN,NaN,0.0,1.75,1.0,0.0,0.0,2.0,609.0,693265100
NaN,NaN,NaN,0.0,2.4,1.2,0.0,0.0,2.0,610.0,693265100
NaN,NaN,NaN,0.0,2.4,1.2,0.0,0.0,2.0,611.0,693265100
NaN,NaN,NaN,0.0,2.6,1.2,0.0,0.0,2.0,612.0,693265100
NaN,NaN,NaN,0.0,2.6,1.2,0.0,0.0,2.0,613.0,693265100
NaN,NaN,NaN,0.0,2.6,1.2,0.0,0.0,2.0,614.0,693265100
NaN,NaN,NaN,0.0,2.6,1.2,0.0,0.0,2.0,615.0,693265100
NaN,NaN,NaN,0.0,2.6,1.2,0.0,0.0,2.0,616.0,693265100
NaN,NaN,NaN,0.0,2.6,1.2,0.0,0.0,2.0,617.0,693265100
NaN,NaN,NaN,0.0,2.6,1.2,0.0,0.0,2.0,618.0,693265100
NaN,NaN,NaN,0.0,2.6,1.2,0.0,0.0,2.0,619.0,693265100
NaN,NaN,NaN,0.0,2.6,1.2,0.0,0.0,2.0,620.0,693265100
NaN,NaN,NaN,0.0,2.6,1.2,0.0,0.0,2.0,621.0,693265100
NaN,NaN,NaN,0.0,2.6,1.2,0.0,0.0,2.0,622.0,693265100
NaN,NaN,NaN,0.0,2.6,1.2,0.0,0.0,2.0,623.0,693265100
NaN,NaN,NaN,0.0,2.6,1.2,0.0,0.0,2.0,624.0,693265100
NaN,NaN,NaN,0.0,3.0,1.2,0.0,0.0,2.0,625.0,693265100
NaN,NaN,NaN,0.0,3.0,1.2,0.0,0.0,2.0,626.0,693265100
NaN,NaN,NaN,0.0,3.0,1.2,0.0,0.0,2.0,627.0,693265100
NaN,NaN,NaN,0.0,3.0,1.2,0.0,0.0,2.0,628.0,693265100
NaN,NaN,NaN,0.0,3.0,1.2,0.0,0.0,2.0,629.0,693265100
NaN,NaN,NaN,0.0,3.0,1.2,0.0,0.0,2.0,630.0,693265100
NaN,NaN,NaN,0.0,3.0,1.2,0.0,0.0,2.0,631.0,693265100
NaN,NaN,NaN,0.0,3.0,1.2,0.0,0.0,2.0,632.0,693265100
NaN,NaN,NaN,0.0,3.0,1.2,0.0,0.0,2.0,633.0,693265100
NaN,NaN,NaN,0.0,3.0,1.2,0.0,0.0,2.0,634.0,693265100
NaN,NaN,NaN,0.0,3.0,1.2,0.0,0.0,2.0,635.0,693265100
NaN,NaN,NaN,0.0,3.0,1.2,0.0,0.0,2.0,636.0,693265100
NaN,NaN,NaN,0.0,3.0,1.2,0.0,0.0,2.0,637.0,693265100
NaN,NaN,NaN,0.0,3.0,1.2,0.0,0.0,2.0,638.0,693265100
NaN,NaN,NaN,0.0,3.0,1.2,0.0,0.0,2.0,639.0,693265100
NaN,NaN,NaN,0.0,3.0,1.2,0.0,0.0,2.0,640.0,693265100
NaN,NaN,NaN,0.0,3.0,1.2,0.0,0.0,2.0,641.0,693265100
NaN,NaN,NaN,0.0,3.0,1.2,0.0,0.0,2.0,642.0,693265100
NaN,NaN,NaN,0.0,3.0,1.2,0.0,0.0,2.0,643.0,693265100
NaN,NaN,NaN,0.0,3.0,1.2,0.0,0.0,2.0,644.0,693265100
NaN,NaN,NaN,0.0,3.0,1.2,0.0,0.0,2.0,645.0,693265100
NaN,NaN,NaN,0.0,3.0,1.2,0.0,0.0,2.0,646.0,693265100
NaN,NaN,NaN,0.0,3.0,1.2,0.0,0.0,2.0,647.0,693265100
NaN,NaN,NaN,0.0,2.75,1.0,0.0,0.0,2.0,648.0,693265100
NaN,NaN,NaN,0.0,2.5,1.0,0.0,0.0,2.0,649.0,693265100
NaN,NaN,NaN,0.0,2.25,1.0,0.0,0.0,2.0,650.0,693265100
NaN,NaN,NaN,0.0,2.25,1.0,0.0,0.0,2.0,651.0,693265100
NaN,NaN,NaN,0.0,2.0,0.0,0.0,0.0,2.0,652.0,693265100
NaN,NaN,NaN,0.0,1.0,0.0,0.0,0.0,2.0,653.0,693265100
NaN,NaN,NaN,0.0,0.0,0.0,0.0,0.0,2.0,654.0,693265100
NaN,NaN,NaN,0.0,0.0,0.0,0.0,0.0,2.0,655.0,693265100
NaN,NaN,NaN,0.0,0.0,0.0,0.0,0.0,2.0,656.0,693265100
NaN,NaN,NaN,0.0,0.5,0.5,0.0,0.0,2.0,657.0,693265100
NaN,NaN,NaN,0.0,1.25,1.0,0.0,0.0,2.0,658.0,693265100
NaN,NaN,NaN,0.0,1.75,1.0,0.0,0.0,2.0,659.0,693265100
NaN,NaN,NaN,0.0,1.75,1.0,0.0,0.0,2.0,660.0,693265100
NaN,NaN,NaN,0.0,1.75,1.0,0.0,0.0,2.0,661.0,693265100
NaN,NaN,NaN,0.0,2.0,1.0,0.0,0.0,2.0,662.0,693265100
NaN,NaN,NaN,0.0,2.0,1.0,0.0,0.0,2.0,663.0,693265100
NaN,NaN,NaN,0.0,2.0,1.0,0.0,0.0,2.0,664.0,693265100
NaN,NaN,NaN,0.0,2.0,1.0,0.0,0.0,2.0,665.0,693265100
NaN,NaN,NaN,0.0,2.0,1.0,0.0,0.0,2.0,666.0,693265100
NaN,NaN,NaN,0.0,2.0,1.0,0.0,0.0,2.0,667.0,693265100
NaN,NaN,NaN,0.0,2.0,1.0,0.0,0.0,2.0,668.0,693265100
NaN,NaN,NaN,0.0,2.0,1.0,0.0,0.0,2.0,669.0,693265100
NaN,NaN,NaN,0.0,2.0,1.0,0.0,0.0,2.0,670.0,693265100
NaN,NaN,NaN,0.0,2.0,1.0,0.0,0.0,2.0,671.0,693265100
NaN,NaN,NaN,0.0,2.0,1.0,0.0,0.0,2.0,672.0,693265100
