"apopNeutrophils","neutrophils","totalNeutrophils","m1 macs","m2 macs ","resMacs","m1ae","m1de","resMacs ODE","tick","random_seed"
0.0,1.0,1.0,0.0,0.0,0.0,0.0,0.0,0.0,1.0,1831506905
0.0,2.0,2.0,0.0,0.0,0.0,0.0,0.0,13.0,2.0,1831506905
0.0,3.0,3.0,0.0,0.0,0.0,0.0,0.0,13.0,3.0,1831506905
1.0,3.0,4.0,0.0,0.0,0.0,0.0,0.0,13.0,4.0,1831506905
2.0,2.0,4.0,0.0,0.0,0.0,0.0,0.0,9.0,5.0,1831506905
0.0,4.0,4.0,0.0,0.0,0.0,0.0,0.0,8.0,6.0,1831506905
3.0,0.0,3.0,0.11111111111111113,0.0,0.8888888888888891,0.0,0.0,8.0,7.0,1831506905
2.0,2.0,4.0,0.22222222222222227,0.0,0.8888888888888891,0.0,0.0,7.0,8.0,1831506905
2.0,5.0,7.0,0.7777777777777778,0.0,1.4444444444444444,0.0,1.0,6.0,9.0,1831506905
1.0,4.0,5.0,1.3333333333333333,0.0,2.0,0.0,2.0,6.0,10.0,1831506905
2.0,6.0,8.0,1.875,0.0,2.0000000000000004,0.0,2.0,5.0,11.0,1831506905
1.0,9.0,10.0,2.0,0.0,1.6666666666666665,0.0,2.0,5.0,12.0,1831506905
5.0,8.0,13.0,2.8,0.0,2.0,0.0,2.0,5.0,13.0,1831506905
5.0,9.0,14.0,3.5,0.0,2.125,0.0,3.0,2.0,14.0,1831506905
5.0,9.0,14.0,4.875,0.0,1.5,1.0,3.0,2.0,15.0,1831506905
6.0,8.0,14.0,5.0,0.0,1.3333333333333333,1.0,3.0,2.0,16.0,1831506905
5.0,5.0,10.0,6.888888888888889,0.0,1.5555555555555556,1.0,4.0,2.0,17.0,1831506905
5.0,4.0,9.0,6.199999999999999,0.0,1.4,1.0,4.0,2.0,18.0,1831506905
5.0,3.0,8.0,7.090909090909091,0.0,1.4545454545454546,1.0,4.0,2.0,19.0,1831506905
5.0,2.0,7.0,9.583333333333332,0.0,1.6666666666666665,1.0,5.0,2.0,20.0,1831506905
4.0,2.0,6.0,9.583333333333332,0.0,1.6666666666666665,1.0,5.0,2.0,21.0,1831506905
2.0,2.0,4.0,9.583333333333332,0.0,1.6666666666666665,1.0,5.0,2.0,22.0,1831506905
1.0,2.0,3.0,9.615384615384615,0.8461538461538461,1.6923076923076923,1.0,5.0,2.0,23.0,1831506905
2.0,1.0,3.0,8.928571428571427,0.7857142857142857,1.5714285714285714,1.0,5.0,2.0,24.0,1831506905
0.0,1.0,1.0,9.666666666666666,2.6,1.7333333333333332,1.0,5.0,2.0,25.0,1831506905
0.0,1.0,1.0,9.666666666666666,2.6,1.7333333333333332,1.0,5.0,2.0,26.0,1831506905
0.0,1.0,1.0,9.6875,3.4999999999999996,1.7499999999999998,1.0,5.0,2.0,27.0,1831506905
0.0,1.0,1.0,9.6875,3.4999999999999996,1.7499999999999998,1.0,5.0,2.0,28.0,1831506905
0.0,1.0,1.0,9.6875,3.4999999999999996,1.7499999999999998,1.0,5.0,2.0,29.0,1831506905
NaN,NaN,NaN,9.764705882352942,4.647058823529412,1.764705882352941,1.0,5.0,2.0,30.0,1831506905
NaN,NaN,NaN,9.777777777777779,5.555555555555556,1.7777777777777775,1.0,5.0,2.0,31.0,1831506905
NaN,NaN,NaN,9.263157894736839,5.263157894736841,1.684210526315789,1.0,5.0,2.0,32.0,1831506905
NaN,NaN,NaN,9.789473684210527,6.473684210526314,1.789473684210526,1.0,5.0,2.0,33.0,1831506905
NaN,NaN,NaN,9.789473684210527,6.473684210526314,1.789473684210526,1.0,5.0,2.0,34.0,1831506905
NaN,NaN,NaN,9.299999999999999,6.1499999999999995,1.6999999999999997,1.0,5.0,2.0,35.0,1831506905
NaN,NaN,NaN,9.8,7.399999999999999,1.7999999999999996,1.0,5.0,2.0,36.0,1831506905
NaN,NaN,NaN,9.80952380952381,8.333333333333334,1.8095238095238093,1.0,5.0,2.0,37.0,1831506905
NaN,NaN,NaN,9.363636363636362,7.954545454545454,1.727272727272727,1.0,5.0,2.0,38.0,1831506905
NaN,NaN,NaN,9.391304347826086,8.869565217391303,1.7391304347826084,1.0,5.0,2.0,39.0,1831506905
NaN,NaN,NaN,9.82608695652174,10.217391304347826,1.8260869565217388,1.0,5.0,2.0,40.0,1831506905
NaN,NaN,NaN,9.833333333333334,11.166666666666668,1.833333333333333,1.0,5.0,2.0,41.0,1831506905
NaN,NaN,NaN,9.833333333333334,11.166666666666668,1.833333333333333,1.0,5.0,2.0,42.0,1831506905
NaN,NaN,NaN,9.84,12.12,1.8399999999999999,1.0,5.0,2.0,43.0,1831506905
NaN,NaN,NaN,9.461538461538462,12.0,1.769230769230769,1.0,5.0,2.0,44.0,1831506905
NaN,NaN,NaN,9.846153846153845,13.423076923076923,1.846153846153846,1.0,5.0,2.0,45.0,1831506905
NaN,NaN,NaN,9.851851851851853,14.37037037037037,1.8518518518518514,1.0,5.0,2.0,46.0,1831506905
NaN,NaN,NaN,9.851851851851853,14.37037037037037,1.8518518518518514,1.0,5.0,2.0,47.0,1831506905
NaN,NaN,NaN,9.851851851851853,14.37037037037037,1.8518518518518514,1.0,5.0,2.0,48.0,1831506905
NaN,NaN,NaN,9.807692307692307,14.346153846153847,1.846153846153846,1.0,5.0,2.0,49.0,1831506905
NaN,NaN,NaN,8.923076923076925,14.346153846153847,1.846153846153846,1.0,5.0,2.0,50.0,1831506905
NaN,NaN,NaN,8.115384615384615,14.346153846153847,2.3461538461538454,1.0,5.0,2.0,51.0,1831506905
NaN,NaN,NaN,7.814814814814816,15.259259259259261,1.8518518518518514,1.0,5.0,2.0,52.0,1831506905
NaN,NaN,NaN,7.192307692307692,16.76923076923077,1.923076923076923,1.0,4.0,2.0,53.0,1831506905
NaN,NaN,NaN,7.192307692307692,16.76923076923077,1.923076923076923,1.0,4.0,2.0,54.0,1831506905
NaN,NaN,NaN,7.192307692307692,16.76923076923077,1.923076923076923,1.0,4.0,2.0,55.0,1831506905
NaN,NaN,NaN,7.185185185185185,17.703703703703706,1.9259259259259258,1.0,4.0,2.0,56.0,1831506905
NaN,NaN,NaN,6.928571428571429,17.071428571428573,1.857142857142857,1.0,4.0,2.0,57.0,1831506905
NaN,NaN,NaN,6.821428571428572,17.964285714285715,1.8571428571428568,1.0,3.0,2.0,58.0,1831506905
NaN,NaN,NaN,6.25,19.571428571428573,1.9285714285714284,1.0,3.0,2.0,59.0,1831506905
NaN,NaN,NaN,6.25,19.571428571428573,1.9285714285714284,1.0,3.0,2.0,60.0,1831506905
NaN,NaN,NaN,6.153846153846154,19.538461538461537,1.923076923076923,1.0,3.0,2.0,61.0,1831506905
NaN,NaN,NaN,3.7916666666666665,19.5,1.9166666666666663,1.0,1.0,2.0,62.0,1831506905
NaN,NaN,NaN,2.0833333333333335,18.666666666666668,1.8333333333333328,1.0,1.0,2.0,63.0,1831506905
NaN,NaN,NaN,1.4999999999999998,19.541666666666668,1.833333333333333,1.0,0.0,2.0,64.0,1831506905
NaN,NaN,NaN,0.7599999999999999,22.28,1.9199999999999997,1.0,0.0,2.0,65.0,1831506905
NaN,NaN,NaN,0.7916666666666665,21.91666666666667,1.9166666666666663,1.0,0.0,2.0,66.0,1831506905
NaN,NaN,NaN,0.8260869565217391,20.869565217391305,1.9130434782608692,1.0,0.0,2.0,67.0,1831506905
NaN,NaN,NaN,0.8260869565217391,20.782608695652172,1.9130434782608692,1.0,0.0,2.0,68.0,1831506905
NaN,NaN,NaN,0.3913043478260869,20.73913043478261,1.9130434782608692,1.0,0.0,2.0,69.0,1831506905
NaN,NaN,NaN,0.3913043478260869,20.73913043478261,1.9130434782608692,1.0,0.0,2.0,70.0,1831506905
NaN,NaN,NaN,0.37499999999999994,21.666666666666664,1.9166666666666663,1.0,0.0,2.0,71.0,1831506905
NaN,NaN,NaN,0.391304347826087,21.217391304347824,1.9130434782608692,1.0,0.0,2.0,72.0,1831506905
NaN,NaN,NaN,0.37499999999999994,21.666666666666664,1.9166666666666663,1.0,0.0,2.0,73.0,1831506905
NaN,NaN,NaN,0.391304347826087,21.47826086956522,1.9130434782608692,1.0,0.0,2.0,74.0,1831506905
NaN,NaN,NaN,0.37499999999999994,21.666666666666664,1.9166666666666663,1.0,0.0,2.0,75.0,1831506905
NaN,NaN,NaN,0.36,22.599999999999998,1.9199999999999997,1.0,0.0,2.0,76.0,1831506905
NaN,NaN,NaN,0.36,22.599999999999998,1.9199999999999997,1.0,0.0,2.0,77.0,1831506905
NaN,NaN,NaN,0.36,23.28,1.9199999999999997,1.0,0.0,2.0,78.0,1831506905
NaN,NaN,NaN,0.34615384615384615,23.538461538461537,1.923076923076923,1.0,0.0,2.0,79.0,1831506905
NaN,NaN,NaN,0.36,23.240000000000002,1.9199999999999997,1.0,0.0,2.0,80.0,1831506905
NaN,NaN,NaN,0.40909090909090906,21.63636363636364,1.9090909090909087,1.0,0.0,2.0,81.0,1831506905
NaN,NaN,NaN,0.40909090909090906,19.81818181818182,1.9090909090909087,1.0,0.0,2.0,82.0,1831506905
NaN,NaN,NaN,0.40909090909090906,19.81818181818182,1.9090909090909087,1.0,0.0,2.0,83.0,1831506905
NaN,NaN,NaN,0.40909090909090906,19.81818181818182,1.9090909090909087,1.0,0.0,2.0,84.0,1831506905
NaN,NaN,NaN,0.391304347826087,20.73913043478261,1.9130434782608692,1.0,0.0,2.0,85.0,1831506905
NaN,NaN,NaN,0.391304347826087,20.73913043478261,1.9130434782608692,1.0,0.0,2.0,86.0,1831506905
NaN,NaN,NaN,0.3913043478260869,19.304347826086957,1.8260869565217386,1.0,0.0,2.0,87.0,1831506905
NaN,NaN,NaN,0.3913043478260869,20.73913043478261,1.9130434782608692,1.0,0.0,2.0,88.0,1831506905
NaN,NaN,NaN,0.3913043478260869,20.73913043478261,1.9130434782608692,1.0,0.0,2.0,89.0,1831506905
NaN,NaN,NaN,0.375,21.666666666666664,1.9166666666666663,1.0,0.0,2.0,90.0,1831506905
NaN,NaN,NaN,0.35999999999999993,20.799999999999997,1.8399999999999996,1.0,0.0,2.0,91.0,1831506905
NaN,NaN,NaN,0.34615384615384615,23.538461538461533,1.923076923076923,1.0,0.0,2.0,92.0,1831506905
NaN,NaN,NaN,0.35999999999999993,22.840000000000003,1.9199999999999997,1.0,0.0,2.0,93.0,1831506905
NaN,NaN,NaN,0.35999999999999993,22.599999999999998,1.9199999999999997,1.0,0.0,2.0,94.0,1831506905
NaN,NaN,NaN,0.35999999999999993,22.68,1.9199999999999997,1.0,0.0,2.0,95.0,1831506905
NaN,NaN,NaN,0.3461538461538461,23.538461538461537,1.923076923076923,1.0,0.0,2.0,96.0,1831506905
NaN,NaN,NaN,0.3461538461538461,23.538461538461537,1.923076923076923,1.0,0.0,2.0,97.0,1831506905
NaN,NaN,NaN,0.37499999999999994,22.083333333333332,1.9166666666666663,1.0,0.0,2.0,98.0,1831506905
NaN,NaN,NaN,0.37499999999999994,20.125,1.833333333333333,1.0,0.0,2.0,99.0,1831506905
NaN,NaN,NaN,0.36,20.92,1.8399999999999996,1.0,0.0,2.0,100.0,1831506905
NaN,NaN,NaN,0.37499999999999994,20.958333333333332,1.833333333333333,1.0,0.0,2.0,101.0,1831506905
NaN,NaN,NaN,0.0,22.083333333333332,1.9166666666666663,1.0,0.0,2.0,102.0,1831506905
NaN,NaN,NaN,0.0,21.200000000000003,1.8399999999999996,1.0,0.0,2.0,103.0,1831506905
NaN,NaN,NaN,0.0,23.0,1.9199999999999997,1.0,0.0,2.0,104.0,1831506905
NaN,NaN,NaN,0.0,23.0,1.9199999999999997,1.0,0.0,2.0,105.0,1831506905
NaN,NaN,NaN,0.0,22.791666666666668,1.9166666666666663,1.0,0.0,2.0,106.0,1831506905
NaN,NaN,NaN,0.0,22.5,1.9166666666666663,1.0,0.0,2.0,107.0,1831506905
NaN,NaN,NaN,0.0,23.0,1.9199999999999997,1.0,0.0,2.0,108.0,1831506905
NaN,NaN,NaN,0.0,23.923076923076923,1.923076923076923,1.0,0.0,2.0,109.0,1831506905
NaN,NaN,NaN,0.0,22.961538461538463,1.8461538461538458,1.0,0.0,2.0,110.0,1831506905
NaN,NaN,NaN,0.0,23.923076923076923,1.923076923076923,1.0,0.0,2.0,111.0,1831506905
NaN,NaN,NaN,0.0,23.037037037037038,1.8518518518518514,1.0,0.0,2.0,112.0,1831506905
NaN,NaN,NaN,0.0,25.82142857142857,1.9285714285714284,1.0,0.0,2.0,113.0,1831506905
NaN,NaN,NaN,0.0,25.481481481481485,1.9259259259259258,1.0,0.0,2.0,114.0,1831506905
NaN,NaN,NaN,0.0,23.44444444444444,1.8518518518518514,1.0,0.0,2.0,115.0,1831506905
NaN,NaN,NaN,0.0,25.2962962962963,1.9259259259259258,1.0,0.0,2.0,116.0,1831506905
NaN,NaN,NaN,0.0,24.88888888888889,1.9259259259259258,1.0,0.0,2.0,117.0,1831506905
NaN,NaN,NaN,0.0,24.42307692307692,1.923076923076923,1.0,0.0,2.0,118.0,1831506905
NaN,NaN,NaN,0.0,23.319999999999997,1.9199999999999997,1.0,0.0,2.0,119.0,1831506905
NaN,NaN,NaN,0.0,22.153846153846153,1.8461538461538458,1.0,0.0,2.0,120.0,1831506905
NaN,NaN,NaN,0.0,23.199999999999996,1.9199999999999997,1.0,0.0,2.0,121.0,1831506905
NaN,NaN,NaN,0.0,23.0,1.9166666666666663,1.0,0.0,2.0,122.0,1831506905
NaN,NaN,NaN,0.0,22.125,1.9166666666666663,1.0,0.0,2.0,123.0,1831506905
NaN,NaN,NaN,0.0,22.125,1.9166666666666663,1.0,0.0,2.0,124.0,1831506905
NaN,NaN,NaN,0.0,22.916666666666668,1.9166666666666663,1.0,0.0,2.0,125.0,1831506905
NaN,NaN,NaN,0.0,22.125,1.9166666666666663,1.0,0.0,2.0,126.0,1831506905
NaN,NaN,NaN,0.0,22.58333333333333,1.9166666666666663,1.0,0.0,2.0,127.0,1831506905
NaN,NaN,NaN,0.0,22.125,1.9166666666666663,1.0,0.0,2.0,128.0,1831506905
NaN,NaN,NaN,0.0,22.125,1.9166666666666663,1.0,0.0,2.0,129.0,1831506905
NaN,NaN,NaN,0.0,21.39130434782609,1.9130434782608692,1.0,0.0,2.0,130.0,1831506905
NaN,NaN,NaN,0.0,21.695652173913047,1.9130434782608692,1.0,0.0,2.0,131.0,1831506905
NaN,NaN,NaN,0.0,21.08695652173913,1.9130434782608692,1.0,0.0,2.0,132.0,1831506905
NaN,NaN,NaN,0.0,21.08695652173913,1.9130434782608692,1.0,0.0,2.0,133.0,1831506905
NaN,NaN,NaN,0.0,19.227272727272727,1.818181818181818,1.0,0.0,2.0,134.0,1831506905
NaN,NaN,NaN,0.0,19.217391304347828,1.8260869565217386,1.0,0.0,2.0,135.0,1831506905
NaN,NaN,NaN,0.0,21.0,1.9130434782608692,1.0,0.0,2.0,136.0,1831506905
NaN,NaN,NaN,0.0,20.083333333333336,1.833333333333333,1.0,0.0,2.0,137.0,1831506905
NaN,NaN,NaN,0.0,19.47826086956521,1.8260869565217388,1.0,0.0,2.0,138.0,1831506905
NaN,NaN,NaN,0.0,20.956521739130434,1.9130434782608692,1.0,0.0,2.0,139.0,1831506905
NaN,NaN,NaN,0.0,20.956521739130434,1.9130434782608692,1.0,0.0,2.0,140.0,1831506905
NaN,NaN,NaN,0.0,20.956521739130434,1.9130434782608692,1.0,0.0,2.0,141.0,1831506905
NaN,NaN,NaN,0.0,20.81818181818182,1.9090909090909087,1.0,0.0,2.0,142.0,1831506905
NaN,NaN,NaN,0.0,20.045454545454547,1.9090909090909087,1.0,0.0,2.0,143.0,1831506905
NaN,NaN,NaN,0.0,19.399999999999995,1.8999999999999997,1.0,0.0,2.0,144.0,1831506905
NaN,NaN,NaN,0.0,18.25,1.8999999999999997,1.0,0.0,2.0,145.0,1831506905
NaN,NaN,NaN,0.0,17.38095238095238,1.809523809523809,1.0,0.0,2.0,146.0,1831506905
NaN,NaN,NaN,0.0,19.142857142857142,1.9047619047619044,1.0,0.0,2.0,147.0,1831506905
NaN,NaN,NaN,0.0,20.045454545454547,1.9090909090909087,1.0,0.0,2.0,148.0,1831506905
NaN,NaN,NaN,0.0,20.045454545454547,1.9090909090909087,1.0,0.0,2.0,149.0,1831506905
NaN,NaN,NaN,0.0,20.956521739130434,1.9130434782608692,1.0,0.0,2.0,150.0,1831506905
NaN,NaN,NaN,0.0,21.874999999999996,1.9166666666666663,1.0,0.0,2.0,151.0,1831506905
NaN,NaN,NaN,0.0,21.000000000000004,1.8399999999999994,1.0,0.0,2.0,152.0,1831506905
NaN,NaN,NaN,0.0,21.520000000000003,1.8399999999999994,1.0,0.0,2.0,153.0,1831506905
NaN,NaN,NaN,0.0,21.200000000000003,1.8399999999999996,1.0,0.0,2.0,154.0,1831506905
NaN,NaN,NaN,0.0,23.560000000000002,1.9199999999999997,1.0,0.0,2.0,155.0,1831506905
NaN,NaN,NaN,0.0,22.800000000000004,1.9199999999999997,1.0,0.0,2.0,156.0,1831506905
NaN,NaN,NaN,0.0,22.173913043478265,1.9130434782608692,1.0,0.0,2.0,157.0,1831506905
NaN,NaN,NaN,0.0,20.363636363636363,1.9090909090909087,1.0,0.0,2.0,158.0,1831506905
NaN,NaN,NaN,0.0,19.571428571428573,1.9047619047619044,1.0,0.0,2.0,159.0,1831506905
NaN,NaN,NaN,0.0,19.954545454545453,1.9090909090909087,1.0,0.0,2.0,160.0,1831506905
NaN,NaN,NaN,0.0,19.428571428571427,1.9047619047619044,1.0,0.0,2.0,161.0,1831506905
NaN,NaN,NaN,0.0,18.950000000000003,1.8999999999999997,1.0,0.0,2.0,162.0,1831506905
NaN,NaN,NaN,0.0,17.285714285714285,1.8095238095238093,1.0,0.0,2.0,163.0,1831506905
NaN,NaN,NaN,0.0,19.047619047619047,1.9047619047619044,1.0,0.0,2.0,164.0,1831506905
NaN,NaN,NaN,0.0,19.047619047619047,1.9047619047619044,1.0,0.0,2.0,165.0,1831506905
NaN,NaN,NaN,0.0,19.047619047619047,1.9047619047619044,1.0,0.0,2.0,166.0,1831506905
NaN,NaN,NaN,0.0,19.954545454545453,1.9090909090909087,1.0,0.0,2.0,167.0,1831506905
NaN,NaN,NaN,0.0,19.761904761904763,1.9047619047619044,1.0,0.0,2.0,168.0,1831506905
NaN,NaN,NaN,0.0,19.047619047619047,1.9047619047619044,1.0,0.0,2.0,169.0,1831506905
NaN,NaN,NaN,0.0,19.90909090909091,1.9090909090909087,1.0,0.0,2.0,170.0,1831506905
NaN,NaN,NaN,0.0,19.90909090909091,1.9090909090909087,1.0,0.0,2.0,171.0,1831506905
NaN,NaN,NaN,0.0,18.954545454545453,1.818181818181818,1.0,0.0,2.0,172.0,1831506905
NaN,NaN,NaN,0.0,19.90909090909091,1.9090909090909087,1.0,0.0,2.0,173.0,1831506905
NaN,NaN,NaN,0.0,19.954545454545453,1.9090909090909087,1.0,0.0,2.0,174.0,1831506905
NaN,NaN,NaN,0.0,19.954545454545453,1.9090909090909087,1.0,0.0,2.0,175.0,1831506905
NaN,NaN,NaN,0.0,19.086956521739133,1.8260869565217386,1.0,0.0,2.0,176.0,1831506905
NaN,NaN,NaN,0.0,20.5,1.9090909090909087,1.0,0.0,2.0,177.0,1831506905
NaN,NaN,NaN,0.0,19.857142857142854,1.9047619047619044,1.0,0.0,2.0,178.0,1831506905
NaN,NaN,NaN,0.0,19.19047619047619,1.9047619047619044,1.0,0.0,2.0,179.0,1831506905
NaN,NaN,NaN,0.0,19.954545454545453,1.9090909090909087,1.0,0.0,2.0,180.0,1831506905
NaN,NaN,NaN,0.0,20.8695652173913,1.9130434782608692,1.0,0.0,2.0,181.0,1831506905
NaN,NaN,NaN,0.0,20.000000000000004,1.8333333333333328,1.0,0.0,2.0,182.0,1831506905
NaN,NaN,NaN,0.0,20.919999999999998,1.8399999999999996,1.0,0.0,2.0,183.0,1831506905
NaN,NaN,NaN,0.0,23.48,1.9199999999999997,1.0,0.0,2.0,184.0,1831506905
NaN,NaN,NaN,0.0,22.720000000000002,1.9199999999999997,1.0,0.0,2.0,185.0,1831506905
NaN,NaN,NaN,0.0,21.846153846153843,1.8461538461538456,1.0,0.0,2.0,186.0,1831506905
NaN,NaN,NaN,0.0,23.65384615384615,1.923076923076923,1.0,0.0,2.0,187.0,1831506905
NaN,NaN,NaN,0.0,23.961538461538463,1.923076923076923,1.0,0.0,2.0,188.0,1831506905
NaN,NaN,NaN,0.0,24.592592592592595,1.9259259259259258,1.0,0.0,2.0,189.0,1831506905
NaN,NaN,NaN,0.0,24.592592592592595,1.9259259259259258,1.0,0.0,2.0,190.0,1831506905
NaN,NaN,NaN,0.0,24.592592592592595,1.9259259259259258,1.0,0.0,2.0,191.0,1831506905
NaN,NaN,NaN,0.0,23.153846153846153,1.8461538461538456,1.0,0.0,2.0,192.0,1831506905
NaN,NaN,NaN,0.0,24.592592592592595,1.9259259259259258,1.0,0.0,2.0,193.0,1831506905
NaN,NaN,NaN,0.0,24.592592592592595,1.9259259259259258,1.0,0.0,2.0,194.0,1831506905
NaN,NaN,NaN,0.0,23.55555555555556,1.8518518518518514,1.0,0.0,2.0,195.0,1831506905
NaN,NaN,NaN,0.0,23.714285714285708,1.8571428571428568,1.0,0.0,2.0,196.0,1831506905
NaN,NaN,NaN,0.0,26.689655172413794,1.9310344827586206,1.0,0.0,2.0,197.0,1831506905
NaN,NaN,NaN,0.0,25.413793103448274,1.8620689655172413,1.0,0.0,2.0,198.0,1831506905
NaN,NaN,NaN,0.0,25.230769230769234,1.923076923076923,1.0,0.0,2.0,199.0,1831506905
NaN,NaN,NaN,0.0,23.000000000000004,1.8518518518518514,1.0,0.0,2.0,200.0,1831506905
NaN,NaN,NaN,0.0,23.851851851851848,1.8518518518518516,1.0,0.0,2.0,201.0,1831506905
NaN,NaN,NaN,0.0,24.814814814814813,1.9259259259259258,1.0,0.0,2.0,202.0,1831506905
NaN,NaN,NaN,0.0,24.34615384615385,1.923076923076923,1.0,0.0,2.0,203.0,1831506905
NaN,NaN,NaN,0.0,22.153846153846153,1.8461538461538458,1.0,0.0,2.0,204.0,1831506905
NaN,NaN,NaN,0.0,23.884615384615383,1.923076923076923,1.0,0.0,2.0,205.0,1831506905
NaN,NaN,NaN,0.0,22.307692307692314,1.8461538461538458,1.0,0.0,2.0,206.0,1831506905
NaN,NaN,NaN,0.0,23.884615384615383,1.923076923076923,1.0,0.0,2.0,207.0,1831506905
NaN,NaN,NaN,0.0,23.125000000000004,1.9166666666666665,1.0,0.0,2.0,208.0,1831506905
NaN,NaN,NaN,0.0,21.16,1.8399999999999999,1.0,0.0,2.0,209.0,1831506905
NaN,NaN,NaN,0.0,22.84,1.92,1.0,0.0,2.0,210.0,1831506905
NaN,NaN,NaN,0.0,23.76923076923077,1.923076923076923,1.0,0.0,2.0,211.0,1831506905
NaN,NaN,NaN,0.0,22.888888888888886,1.8518518518518516,1.0,0.0,2.0,212.0,1831506905
NaN,NaN,NaN,0.0,25.64285714285714,1.9285714285714284,1.0,0.0,2.0,213.0,1831506905
NaN,NaN,NaN,0.0,26.321428571428573,1.9285714285714284,1.0,0.0,2.0,214.0,1831506905
NaN,NaN,NaN,0.0,24.75862068965517,1.8620689655172413,1.0,0.0,2.0,215.0,1831506905
NaN,NaN,NaN,0.0,26.58620689655173,1.9310344827586206,1.0,0.0,2.0,216.0,1831506905
NaN,NaN,NaN,0.0,25.700000000000003,1.8666666666666665,1.0,0.0,2.0,217.0,1831506905
NaN,NaN,NaN,0.0,25.766666666666666,1.8666666666666665,1.0,0.0,2.0,218.0,1831506905
NaN,NaN,NaN,0.0,28.483870967741936,1.9354838709677418,1.0,0.0,2.0,219.0,1831506905
NaN,NaN,NaN,0.0,29.064516129032263,1.9354838709677418,1.0,0.0,2.0,220.0,1831506905
NaN,NaN,NaN,0.0,28.806451612903228,1.9354838709677418,1.0,0.0,2.0,221.0,1831506905
NaN,NaN,NaN,0.0,28.806451612903228,1.9354838709677418,1.0,0.0,2.0,222.0,1831506905
NaN,NaN,NaN,0.0,27.906250000000004,1.8749999999999998,1.0,0.0,2.0,223.0,1831506905
NaN,NaN,NaN,0.0,30.687500000000007,1.9374999999999998,1.0,0.0,2.0,224.0,1831506905
NaN,NaN,NaN,0.0,29.750000000000004,1.9374999999999998,1.0,0.0,2.0,225.0,1831506905
NaN,NaN,NaN,0.0,29.060606060606062,1.878787878787879,1.0,0.0,2.0,226.0,1831506905
NaN,NaN,NaN,0.0,31.727272727272723,1.9393939393939392,1.0,0.0,2.0,227.0,1831506905
NaN,NaN,NaN,0.0,29.612903225806452,1.9354838709677418,1.0,0.0,2.0,228.0,1831506905
NaN,NaN,NaN,0.0,29.03225806451613,1.9354838709677418,1.0,0.0,2.0,229.0,1831506905
NaN,NaN,NaN,0.0,29.03225806451613,1.9354838709677418,1.0,0.0,2.0,230.0,1831506905
NaN,NaN,NaN,0.0,28.344827586206897,1.9310344827586206,1.0,0.0,2.0,231.0,1831506905
NaN,NaN,NaN,0.0,28.1,1.9333333333333331,1.0,0.0,2.0,232.0,1831506905
NaN,NaN,NaN,0.0,26.93333333333333,1.8666666666666667,1.0,0.0,2.0,233.0,1831506905
NaN,NaN,NaN,0.0,27.48275862068966,1.9310344827586206,1.0,0.0,2.0,234.0,1831506905
NaN,NaN,NaN,0.0,27.172413793103452,1.9310344827586206,1.0,0.0,2.0,235.0,1831506905
NaN,NaN,NaN,0.0,26.26666666666667,1.8666666666666667,1.0,0.0,2.0,236.0,1831506905
NaN,NaN,NaN,0.0,27.89655172413793,1.9310344827586206,1.0,0.0,2.0,237.0,1831506905
NaN,NaN,NaN,0.0,26.26666666666667,1.8666666666666665,1.0,0.0,2.0,238.0,1831506905
NaN,NaN,NaN,0.0,28.1,1.9333333333333331,1.0,0.0,2.0,239.0,1831506905
NaN,NaN,NaN,0.0,28.1,1.9333333333333331,1.0,0.0,2.0,240.0,1831506905
NaN,NaN,NaN,0.0,26.58620689655173,1.862068965517241,1.0,0.0,2.0,241.0,1831506905
NaN,NaN,NaN,0.0,26.266666666666666,1.8666666666666665,1.0,0.0,2.0,242.0,1831506905
NaN,NaN,NaN,0.0,26.607142857142858,1.9285714285714284,1.0,0.0,2.0,243.0,1831506905
NaN,NaN,NaN,0.0,25.206896551724135,1.862068965517241,1.0,0.0,2.0,244.0,1831506905
NaN,NaN,NaN,0.0,27.035714285714285,1.9285714285714284,1.0,0.0,2.0,245.0,1831506905
NaN,NaN,NaN,0.0,26.107142857142858,1.9285714285714284,1.0,0.0,2.0,246.0,1831506905
NaN,NaN,NaN,0.0,27.03448275862069,1.9310344827586206,1.0,0.0,2.0,247.0,1831506905
NaN,NaN,NaN,0.0,26.066666666666666,1.8666666666666665,1.0,0.0,2.0,248.0,1831506905
NaN,NaN,NaN,0.0,26.75,1.9285714285714284,1.0,0.0,2.0,249.0,1831506905
NaN,NaN,NaN,0.0,26.035714285714285,1.9285714285714284,1.0,0.0,2.0,250.0,1831506905
NaN,NaN,NaN,0.0,26.035714285714285,1.9285714285714284,1.0,0.0,2.0,251.0,1831506905
NaN,NaN,NaN,0.0,26.57142857142857,1.9285714285714284,1.0,0.0,2.0,252.0,1831506905
NaN,NaN,NaN,0.0,26.96551724137931,1.9310344827586206,1.0,0.0,2.0,253.0,1831506905
NaN,NaN,NaN,0.0,26.96551724137931,1.9310344827586206,1.0,0.0,2.0,254.0,1831506905
NaN,NaN,NaN,0.0,25.965517241379317,1.862068965517241,1.0,0.0,2.0,255.0,1831506905
NaN,NaN,NaN,0.0,26.214285714285715,1.9285714285714284,1.0,0.0,2.0,256.0,1831506905
NaN,NaN,NaN,0.0,24.11111111111111,1.8518518518518514,1.0,0.0,2.0,257.0,1831506905
NaN,NaN,NaN,0.0,24.500000000000004,1.923076923076923,1.0,0.0,2.0,258.0,1831506905
NaN,NaN,NaN,0.0,22.461538461538463,1.8461538461538458,1.0,0.0,2.0,259.0,1831506905
NaN,NaN,NaN,0.0,24.23076923076923,1.923076923076923,1.0,0.0,2.0,260.0,1831506905
NaN,NaN,NaN,0.0,24.23076923076923,1.923076923076923,1.0,0.0,2.0,261.0,1831506905
NaN,NaN,NaN,0.0,25.148148148148145,1.9259259259259258,1.0,0.0,2.0,262.0,1831506905
NaN,NaN,NaN,0.0,25.77777777777778,1.9259259259259258,1.0,0.0,2.0,263.0,1831506905
NaN,NaN,NaN,0.0,23.333333333333336,1.8518518518518514,1.0,0.0,2.0,264.0,1831506905
NaN,NaN,NaN,0.0,25.14814814814815,1.9259259259259258,1.0,0.0,2.0,265.0,1831506905
NaN,NaN,NaN,0.0,26.0,1.9285714285714284,1.0,0.0,2.0,266.0,1831506905
NaN,NaN,NaN,0.0,26.931034482758623,1.9310344827586206,1.0,0.0,2.0,267.0,1831506905
NaN,NaN,NaN,0.0,26.714285714285708,1.9285714285714284,1.0,0.0,2.0,268.0,1831506905
NaN,NaN,NaN,0.0,26.0,1.9285714285714284,1.0,0.0,2.0,269.0,1831506905
NaN,NaN,NaN,0.0,25.444444444444443,1.9259259259259258,1.0,0.0,2.0,270.0,1831506905
NaN,NaN,NaN,0.0,24.807692307692307,1.923076923076923,1.0,0.0,2.0,271.0,1831506905
NaN,NaN,NaN,0.0,24.153846153846153,1.923076923076923,1.0,0.0,2.0,272.0,1831506905
NaN,NaN,NaN,0.0,23.56,1.9199999999999997,1.0,0.0,2.0,273.0,1831506905
NaN,NaN,NaN,0.0,24.153846153846153,1.923076923076923,1.0,0.0,2.0,274.0,1831506905
NaN,NaN,NaN,0.0,24.153846153846153,1.923076923076923,1.0,0.0,2.0,275.0,1831506905
NaN,NaN,NaN,0.0,23.259259259259263,1.8518518518518514,1.0,0.0,2.0,276.0,1831506905
NaN,NaN,NaN,0.0,24.69230769230769,1.923076923076923,1.0,0.0,2.0,277.0,1831506905
NaN,NaN,NaN,0.0,23.52,1.9199999999999997,1.0,0.0,2.0,278.0,1831506905
NaN,NaN,NaN,0.0,22.791666666666664,1.9166666666666663,1.0,0.0,2.0,279.0,1831506905
NaN,NaN,NaN,0.0,21.439999999999998,1.8399999999999996,1.0,0.0,2.0,280.0,1831506905
NaN,NaN,NaN,0.0,23.24,1.9199999999999997,1.0,0.0,2.0,281.0,1831506905
NaN,NaN,NaN,0.0,23.24,1.9199999999999997,1.0,0.0,2.0,282.0,1831506905
NaN,NaN,NaN,0.0,21.84,1.8399999999999996,1.0,0.0,2.0,283.0,1831506905
NaN,NaN,NaN,0.0,23.208333333333332,1.9166666666666663,1.0,0.0,2.0,284.0,1831506905
NaN,NaN,NaN,0.0,22.333333333333332,1.9166666666666663,1.0,0.0,2.0,285.0,1831506905
NaN,NaN,NaN,0.0,23.24,1.9199999999999997,1.0,0.0,2.0,286.0,1831506905
NaN,NaN,NaN,0.0,23.041666666666668,1.9166666666666663,1.0,0.0,2.0,287.0,1831506905
NaN,NaN,NaN,0.0,21.439999999999998,1.8399999999999996,1.0,0.0,2.0,288.0,1831506905
NaN,NaN,NaN,0.0,22.916666666666664,1.9166666666666663,1.0,0.0,2.0,289.0,1831506905
NaN,NaN,NaN,0.0,21.82608695652174,1.9130434782608692,1.0,0.0,2.0,290.0,1831506905
NaN,NaN,NaN,0.0,20.541666666666664,1.833333333333333,1.0,0.0,2.0,291.0,1831506905
NaN,NaN,NaN,0.0,22.173913043478258,1.9130434782608692,1.0,0.0,2.0,292.0,1831506905
NaN,NaN,NaN,0.0,22.333333333333332,1.9166666666666663,1.0,0.0,2.0,293.0,1831506905
NaN,NaN,NaN,0.0,22.043478260869563,1.9130434782608692,1.0,0.0,2.0,294.0,1831506905
NaN,NaN,NaN,0.0,20.59090909090909,1.9090909090909087,1.0,0.0,2.0,295.0,1831506905
NaN,NaN,NaN,0.0,20.545454545454543,1.9090909090909087,1.0,0.0,2.0,296.0,1831506905
NaN,NaN,NaN,0.0,20.545454545454543,1.9090909090909087,1.0,0.0,2.0,297.0,1831506905
NaN,NaN,NaN,0.0,20.428571428571427,1.9047619047619044,1.0,0.0,2.0,298.0,1831506905
NaN,NaN,NaN,0.0,18.6,1.8999999999999997,1.0,0.0,2.0,299.0,1831506905
NaN,NaN,NaN,0.0,18.5,1.8999999999999997,1.0,0.0,2.0,300.0,1831506905
NaN,NaN,NaN,0.0,17.5,1.7999999999999998,1.0,0.0,2.0,301.0,1831506905
NaN,NaN,NaN,0.0,18.5,1.8999999999999997,1.0,0.0,2.0,302.0,1831506905
NaN,NaN,NaN,0.0,18.5,1.8999999999999997,1.0,0.0,2.0,303.0,1831506905
NaN,NaN,NaN,0.0,17.61904761904762,1.809523809523809,1.0,0.0,2.0,304.0,1831506905
NaN,NaN,NaN,0.0,19.38095238095238,1.9047619047619044,1.0,0.0,2.0,305.0,1831506905
NaN,NaN,NaN,0.0,19.1,1.8999999999999997,1.0,0.0,2.0,306.0,1831506905
NaN,NaN,NaN,0.0,17.349999999999998,1.7999999999999996,1.0,0.0,2.0,307.0,1831506905
NaN,NaN,NaN,0.0,18.333333333333332,1.8888888888888886,1.0,0.0,2.0,308.0,1831506905
NaN,NaN,NaN,0.0,17.63157894736842,1.8947368421052628,1.0,0.0,2.0,309.0,1831506905
NaN,NaN,NaN,0.0,16.83333333333333,1.8888888888888886,1.0,0.0,2.0,310.0,1831506905
NaN,NaN,NaN,0.0,16.64705882352941,1.8823529411764703,1.0,0.0,2.0,311.0,1831506905
NaN,NaN,NaN,0.0,15.941176470588236,1.8823529411764703,1.0,0.0,2.0,312.0,1831506905
NaN,NaN,NaN,0.0,15.055555555555557,1.7777777777777775,1.0,0.0,2.0,313.0,1831506905
NaN,NaN,NaN,0.0,16.77777777777778,1.8888888888888886,1.0,0.0,2.0,314.0,1831506905
NaN,NaN,NaN,0.0,16.77777777777778,1.8888888888888886,1.0,0.0,2.0,315.0,1831506905
NaN,NaN,NaN,0.0,16.77777777777778,1.8888888888888886,1.0,0.0,2.0,316.0,1831506905
NaN,NaN,NaN,0.0,16.375,1.8749999999999998,1.0,0.0,2.0,317.0,1831506905
NaN,NaN,NaN,0.0,14.3125,1.8749999999999998,1.0,0.0,2.0,318.0,1831506905
NaN,NaN,NaN,0.0,15.176470588235293,1.8823529411764703,1.0,0.0,2.0,319.0,1831506905
NaN,NaN,NaN,0.0,15.176470588235293,1.8823529411764703,1.0,0.0,2.0,320.0,1831506905
NaN,NaN,NaN,0.0,14.6875,1.8749999999999998,1.0,0.0,2.0,321.0,1831506905
NaN,NaN,NaN,0.0,14.937500000000002,1.8749999999999998,1.0,0.0,2.0,322.0,1831506905
NaN,NaN,NaN,0.0,14.3125,1.8749999999999998,1.0,0.0,2.0,323.0,1831506905
NaN,NaN,NaN,0.0,15.176470588235293,1.8823529411764703,1.0,0.0,2.0,324.0,1831506905
NaN,NaN,NaN,0.0,14.058823529411764,1.764705882352941,1.0,0.0,2.0,325.0,1831506905
NaN,NaN,NaN,0.0,15.176470588235293,1.8823529411764703,1.0,0.0,2.0,326.0,1831506905
NaN,NaN,NaN,0.0,15.176470588235293,1.8823529411764703,1.0,0.0,2.0,327.0,1831506905
NaN,NaN,NaN,0.0,15.176470588235293,1.8823529411764703,1.0,0.0,2.0,328.0,1831506905
NaN,NaN,NaN,0.0,16.055555555555557,1.8888888888888886,1.0,0.0,2.0,329.0,1831506905
NaN,NaN,NaN,0.0,14.61111111111111,1.7777777777777772,1.0,0.0,2.0,330.0,1831506905
NaN,NaN,NaN,0.0,16.055555555555557,1.8888888888888886,1.0,0.0,2.0,331.0,1831506905
NaN,NaN,NaN,0.0,15.64705882352941,1.8823529411764703,1.0,0.0,2.0,332.0,1831506905
NaN,NaN,NaN,0.0,15.176470588235293,1.8823529411764703,1.0,0.0,2.0,333.0,1831506905
NaN,NaN,NaN,0.0,13.764705882352942,1.764705882352941,1.0,0.0,2.0,334.0,1831506905
NaN,NaN,NaN,0.0,14.941176470588236,1.8823529411764703,1.0,0.0,2.0,335.0,1831506905
NaN,NaN,NaN,0.0,14.941176470588236,1.8823529411764703,1.0,0.0,2.0,336.0,1831506905
NaN,NaN,NaN,0.0,15.833333333333334,1.8888888888888886,1.0,0.0,2.0,337.0,1831506905
NaN,NaN,NaN,0.0,15.0,1.789473684210526,1.0,0.0,2.0,338.0,1831506905
NaN,NaN,NaN,0.0,17.75,1.8999999999999997,1.0,0.0,2.0,339.0,1831506905
NaN,NaN,NaN,0.0,17.157894736842106,1.8947368421052628,1.0,0.0,2.0,340.0,1831506905
NaN,NaN,NaN,0.0,16.000000000000004,1.7999999999999998,1.0,0.0,2.0,341.0,1831506905
NaN,NaN,NaN,0.0,17.75,1.8999999999999997,1.0,0.0,2.0,342.0,1831506905
NaN,NaN,NaN,0.0,18.199999999999996,1.8999999999999997,1.0,0.0,2.0,343.0,1831506905
NaN,NaN,NaN,0.0,17.75,1.8999999999999997,1.0,0.0,2.0,344.0,1831506905
NaN,NaN,NaN,0.0,17.75,1.8999999999999997,1.0,0.0,2.0,345.0,1831506905
NaN,NaN,NaN,0.0,17.75,1.8999999999999997,1.0,0.0,2.0,346.0,1831506905
NaN,NaN,NaN,0.0,17.75,1.8999999999999997,1.0,0.0,2.0,347.0,1831506905
NaN,NaN,NaN,0.0,17.95,1.8999999999999997,1.0,0.0,2.0,348.0,1831506905
NaN,NaN,NaN,0.0,18.0,1.8999999999999997,1.0,0.0,2.0,349.0,1831506905
NaN,NaN,NaN,0.0,18.904761904761905,1.9047619047619044,1.0,0.0,2.0,350.0,1831506905
NaN,NaN,NaN,0.0,18.05,1.8999999999999997,1.0,0.0,2.0,351.0,1831506905
NaN,NaN,NaN,0.0,16.450000000000003,1.7999999999999998,1.0,0.0,2.0,352.0,1831506905
NaN,NaN,NaN,0.0,18.0,1.8999999999999997,1.0,0.0,2.0,353.0,1831506905
NaN,NaN,NaN,0.0,18.904761904761905,1.9047619047619044,1.0,0.0,2.0,354.0,1831506905
NaN,NaN,NaN,0.0,17.736842105263158,1.8947368421052628,1.0,0.0,2.0,355.0,1831506905
NaN,NaN,NaN,0.0,18.0,1.8999999999999997,1.0,0.0,2.0,356.0,1831506905
NaN,NaN,NaN,0.0,18.0,1.8999999999999997,1.0,0.0,2.0,357.0,1831506905
NaN,NaN,NaN,0.0,17.142857142857146,1.8095238095238093,1.0,0.0,2.0,358.0,1831506905
NaN,NaN,NaN,0.0,18.904761904761905,1.9047619047619044,1.0,0.0,2.0,359.0,1831506905
NaN,NaN,NaN,0.0,19.666666666666668,1.9047619047619044,1.0,0.0,2.0,360.0,1831506905
NaN,NaN,NaN,0.0,19.81818181818182,1.9090909090909087,1.0,0.0,2.0,361.0,1831506905
NaN,NaN,NaN,0.0,20.73913043478261,1.9130434782608692,1.0,0.0,2.0,362.0,1831506905
NaN,NaN,NaN,0.0,20.68181818181818,1.9090909090909087,1.0,0.0,2.0,363.0,1831506905
NaN,NaN,NaN,0.0,19.043478260869566,1.8260869565217386,1.0,0.0,2.0,364.0,1831506905
NaN,NaN,NaN,0.0,21.75,1.9166666666666663,1.0,0.0,2.0,365.0,1831506905
NaN,NaN,NaN,0.0,21.916666666666668,1.9166666666666663,1.0,0.0,2.0,366.0,1831506905
NaN,NaN,NaN,0.0,21.916666666666668,1.9166666666666663,1.0,0.0,2.0,367.0,1831506905
NaN,NaN,NaN,0.0,21.478260869565215,1.9130434782608692,1.0,0.0,2.0,368.0,1831506905
NaN,NaN,NaN,0.0,21.916666666666668,1.9166666666666663,1.0,0.0,2.0,369.0,1831506905
NaN,NaN,NaN,0.0,21.12,1.8399999999999994,1.0,0.0,2.0,370.0,1831506905
NaN,NaN,NaN,0.0,23.846153846153847,1.923076923076923,1.0,0.0,2.0,371.0,1831506905
NaN,NaN,NaN,0.0,24.77777777777778,1.9259259259259258,1.0,0.0,2.0,372.0,1831506905
NaN,NaN,NaN,0.0,24.038461538461537,1.923076923076923,1.0,0.0,2.0,373.0,1831506905
NaN,NaN,NaN,0.0,22.962962962962962,1.8518518518518514,1.0,0.0,2.0,374.0,1831506905
NaN,NaN,NaN,0.0,23.32,1.9199999999999997,1.0,0.0,2.0,375.0,1831506905
NaN,NaN,NaN,0.0,22.03846153846154,1.8461538461538458,1.0,0.0,2.0,376.0,1831506905
NaN,NaN,NaN,0.0,23.000000000000004,1.9199999999999997,1.0,0.0,2.0,377.0,1831506905
NaN,NaN,NaN,0.0,22.92,1.9199999999999997,1.0,0.0,2.0,378.0,1831506905
NaN,NaN,NaN,0.0,22.03846153846154,1.8461538461538458,1.0,0.0,2.0,379.0,1831506905
NaN,NaN,NaN,0.0,23.000000000000004,1.9199999999999997,1.0,0.0,2.0,380.0,1831506905
NaN,NaN,NaN,0.0,22.92,1.9199999999999997,1.0,0.0,2.0,381.0,1831506905
NaN,NaN,NaN,0.0,22.833333333333336,1.9166666666666663,1.0,0.0,2.0,382.0,1831506905
NaN,NaN,NaN,0.0,21.238095238095234,1.9047619047619044,1.0,0.0,2.0,383.0,1831506905
NaN,NaN,NaN,0.0,19.285714285714285,1.9047619047619044,1.0,0.0,2.0,384.0,1831506905
NaN,NaN,NaN,0.0,19.285714285714285,1.9047619047619044,1.0,0.0,2.0,385.0,1831506905
NaN,NaN,NaN,0.0,17.523809523809526,1.809523809523809,1.0,0.0,2.0,386.0,1831506905
NaN,NaN,NaN,0.0,19.25,1.8999999999999997,1.0,0.0,2.0,387.0,1831506905
NaN,NaN,NaN,0.0,18.4,1.8999999999999997,1.0,0.0,2.0,388.0,1831506905
NaN,NaN,NaN,0.0,19.285714285714285,1.9047619047619047,1.0,0.0,2.0,389.0,1831506905
NaN,NaN,NaN,0.0,18.40909090909091,1.8181818181818181,1.0,0.0,2.0,390.0,1831506905
NaN,NaN,NaN,0.0,20.18181818181818,1.909090909090909,1.0,0.0,2.0,391.0,1831506905
NaN,NaN,NaN,0.0,20.18181818181818,1.909090909090909,1.0,0.0,2.0,392.0,1831506905
NaN,NaN,NaN,0.0,20.18181818181818,1.909090909090909,1.0,0.0,2.0,393.0,1831506905
NaN,NaN,NaN,0.0,20.18181818181818,1.909090909090909,1.0,0.0,2.0,394.0,1831506905
NaN,NaN,NaN,0.0,20.81818181818182,1.9090909090909087,1.0,0.0,2.0,395.0,1831506905
NaN,NaN,NaN,0.0,19.952380952380953,1.9047619047619044,1.0,0.0,2.0,396.0,1831506905
NaN,NaN,NaN,0.0,20.18181818181818,1.9090909090909087,1.0,0.0,2.0,397.0,1831506905
NaN,NaN,NaN,0.0,19.80952380952381,1.9047619047619044,1.0,0.0,2.0,398.0,1831506905
NaN,NaN,NaN,0.0,19.285714285714285,1.9047619047619044,1.0,0.0,2.0,399.0,1831506905
NaN,NaN,NaN,0.0,18.9,1.8999999999999997,1.0,0.0,2.0,400.0,1831506905
NaN,NaN,NaN,0.0,18.4,1.8999999999999997,1.0,0.0,2.0,401.0,1831506905
NaN,NaN,NaN,0.0,17.523809523809526,1.809523809523809,1.0,0.0,2.0,402.0,1831506905
NaN,NaN,NaN,0.0,17.61904761904762,1.809523809523809,1.0,0.0,2.0,403.0,1831506905
NaN,NaN,NaN,0.0,19.476190476190474,1.9047619047619044,1.0,0.0,2.0,404.0,1831506905
NaN,NaN,NaN,0.0,20.18181818181818,1.9090909090909087,1.0,0.0,2.0,405.0,1831506905
NaN,NaN,NaN,0.0,18.95,1.8999999999999997,1.0,0.0,2.0,406.0,1831506905
NaN,NaN,NaN,0.0,18.299999999999997,1.8999999999999997,1.0,0.0,2.0,407.0,1831506905
NaN,NaN,NaN,0.0,18.45,1.8999999999999997,1.0,0.0,2.0,408.0,1831506905
NaN,NaN,NaN,0.0,18.299999999999997,1.8999999999999997,1.0,0.0,2.0,409.0,1831506905
NaN,NaN,NaN,0.0,18.0,1.8947368421052628,1.0,0.0,2.0,410.0,1831506905
NaN,NaN,NaN,0.0,18.299999999999997,1.8999999999999997,1.0,0.0,2.0,411.0,1831506905
NaN,NaN,NaN,0.0,19.19047619047619,1.9047619047619044,1.0,0.0,2.0,412.0,1831506905
NaN,NaN,NaN,0.0,18.349999999999998,1.8999999999999997,1.0,0.0,2.0,413.0,1831506905
NaN,NaN,NaN,0.0,17.526315789473685,1.8947368421052628,1.0,0.0,2.0,414.0,1831506905
NaN,NaN,NaN,0.0,18.299999999999997,1.8999999999999997,1.0,0.0,2.0,415.0,1831506905
NaN,NaN,NaN,0.0,17.421052631578945,1.8947368421052628,1.0,0.0,2.0,416.0,1831506905
NaN,NaN,NaN,0.0,18.299999999999997,1.8999999999999997,1.0,0.0,2.0,417.0,1831506905
NaN,NaN,NaN,0.0,18.299999999999997,1.8999999999999997,1.0,0.0,2.0,418.0,1831506905
NaN,NaN,NaN,0.0,19.19047619047619,1.9047619047619044,1.0,0.0,2.0,419.0,1831506905
NaN,NaN,NaN,0.0,17.650000000000002,1.7999999999999996,1.0,0.0,2.0,420.0,1831506905
NaN,NaN,NaN,0.0,19.19047619047619,1.9047619047619044,1.0,0.0,2.0,421.0,1831506905
NaN,NaN,NaN,0.0,20.09090909090909,1.9090909090909087,1.0,0.0,2.0,422.0,1831506905
NaN,NaN,NaN,0.0,19.599999999999994,1.8999999999999997,1.0,0.0,2.0,423.0,1831506905
NaN,NaN,NaN,0.0,19.19047619047619,1.9047619047619044,1.0,0.0,2.0,424.0,1831506905
NaN,NaN,NaN,0.0,19.19047619047619,1.9047619047619044,1.0,0.0,2.0,425.0,1831506905
NaN,NaN,NaN,0.0,19.19047619047619,1.9047619047619044,1.0,0.0,2.0,426.0,1831506905
NaN,NaN,NaN,0.0,18.318181818181817,1.818181818181818,1.0,0.0,2.0,427.0,1831506905
NaN,NaN,NaN,0.0,21.0,1.9130434782608692,1.0,0.0,2.0,428.0,1831506905
NaN,NaN,NaN,0.0,21.916666666666668,1.9166666666666663,1.0,0.0,2.0,429.0,1831506905
NaN,NaN,NaN,0.0,22.791666666666668,1.9166666666666663,1.0,0.0,2.0,430.0,1831506905
NaN,NaN,NaN,0.0,21.040000000000003,1.8399999999999994,1.0,0.0,2.0,431.0,1831506905
NaN,NaN,NaN,0.0,22.84,1.9199999999999997,1.0,0.0,2.0,432.0,1831506905
NaN,NaN,NaN,0.0,22.84,1.9199999999999997,1.0,0.0,2.0,433.0,1831506905
NaN,NaN,NaN,0.0,22.374999999999996,1.9166666666666663,1.0,0.0,2.0,434.0,1831506905
NaN,NaN,NaN,0.0,21.916666666666668,1.9166666666666663,1.0,0.0,2.0,435.0,1831506905
NaN,NaN,NaN,0.0,22.08333333333333,1.9166666666666663,1.0,0.0,2.0,436.0,1831506905
NaN,NaN,NaN,0.0,22.84,1.9199999999999997,1.0,0.0,2.0,437.0,1831506905
NaN,NaN,NaN,0.0,21.916666666666668,1.9166666666666663,1.0,0.0,2.0,438.0,1831506905
NaN,NaN,NaN,0.0,22.84,1.9199999999999997,1.0,0.0,2.0,439.0,1831506905
NaN,NaN,NaN,0.0,22.84,1.9199999999999997,1.0,0.0,2.0,440.0,1831506905
NaN,NaN,NaN,0.0,23.76923076923077,1.923076923076923,1.0,0.0,2.0,441.0,1831506905
NaN,NaN,NaN,0.0,23.76923076923077,1.923076923076923,1.0,0.0,2.0,442.0,1831506905
NaN,NaN,NaN,0.0,23.56,1.92,1.0,0.0,2.0,443.0,1831506905
NaN,NaN,NaN,0.0,23.520000000000003,1.92,1.0,0.0,2.0,444.0,1831506905
NaN,NaN,NaN,0.0,22.076923076923084,1.8461538461538458,1.0,0.0,2.0,445.0,1831506905
NaN,NaN,NaN,0.0,22.119999999999997,1.8399999999999996,1.0,0.0,2.0,446.0,1831506905
NaN,NaN,NaN,0.0,22.541666666666668,1.9166666666666665,1.0,0.0,2.0,447.0,1831506905
NaN,NaN,NaN,0.0,22.041666666666668,1.9166666666666665,1.0,0.0,2.0,448.0,1831506905
NaN,NaN,NaN,0.0,22.959999999999997,1.92,1.0,0.0,2.0,449.0,1831506905
NaN,NaN,NaN,0.0,22.959999999999997,1.92,1.0,0.0,2.0,450.0,1831506905
NaN,NaN,NaN,0.0,23.0,1.92,1.0,0.0,2.0,451.0,1831506905
NaN,NaN,NaN,0.0,22.11538461538462,1.8461538461538458,1.0,0.0,2.0,452.0,1831506905
NaN,NaN,NaN,0.0,24.461538461538463,1.923076923076923,1.0,0.0,2.0,453.0,1831506905
NaN,NaN,NaN,0.0,24.192307692307693,1.923076923076923,1.0,0.0,2.0,454.0,1831506905
NaN,NaN,NaN,0.0,24.851851851851855,1.9259259259259258,1.0,0.0,2.0,455.0,1831506905
NaN,NaN,NaN,0.0,24.851851851851855,1.9259259259259258,1.0,0.0,2.0,456.0,1831506905
NaN,NaN,NaN,0.0,24.851851851851855,1.9259259259259258,1.0,0.0,2.0,457.0,1831506905
NaN,NaN,NaN,0.0,24.04,1.92,1.0,0.0,2.0,458.0,1831506905
NaN,NaN,NaN,0.0,23.0,1.92,1.0,0.0,2.0,459.0,1831506905
NaN,NaN,NaN,0.0,23.0,1.92,1.0,0.0,2.0,460.0,1831506905
NaN,NaN,NaN,0.0,23.0,1.92,1.0,0.0,2.0,461.0,1831506905
NaN,NaN,NaN,0.0,23.0,1.92,1.0,0.0,2.0,462.0,1831506905
NaN,NaN,NaN,0.0,23.0,1.92,1.0,0.0,2.0,463.0,1831506905
NaN,NaN,NaN,0.0,22.291666666666668,1.9166666666666665,1.0,0.0,2.0,464.0,1831506905
NaN,NaN,NaN,0.0,22.083333333333332,1.9166666666666665,1.0,0.0,2.0,465.0,1831506905
NaN,NaN,NaN,0.0,21.782608695652176,1.9130434782608694,1.0,0.0,2.0,466.0,1831506905
NaN,NaN,NaN,0.0,20.318181818181817,1.909090909090909,1.0,0.0,2.0,467.0,1831506905
NaN,NaN,NaN,0.0,20.181818181818183,1.909090909090909,1.0,0.0,2.0,468.0,1831506905
NaN,NaN,NaN,0.0,19.523809523809526,1.9047619047619047,1.0,0.0,2.0,469.0,1831506905
NaN,NaN,NaN,0.0,17.947368421052634,1.8947368421052628,1.0,0.0,2.0,470.0,1831506905
NaN,NaN,NaN,0.0,17.526315789473685,1.8947368421052628,1.0,0.0,2.0,471.0,1831506905
NaN,NaN,NaN,0.0,17.055555555555557,1.8888888888888886,1.0,0.0,2.0,472.0,1831506905
NaN,NaN,NaN,0.0,16.666666666666664,1.8888888888888886,1.0,0.0,2.0,473.0,1831506905
NaN,NaN,NaN,0.0,16.666666666666664,1.8888888888888886,1.0,0.0,2.0,474.0,1831506905
NaN,NaN,NaN,0.0,16.529411764705884,1.8823529411764703,1.0,0.0,2.0,475.0,1831506905
NaN,NaN,NaN,0.0,15.823529411764707,1.8823529411764703,1.0,0.0,2.0,476.0,1831506905
NaN,NaN,NaN,0.0,14.8,1.8666666666666665,1.0,0.0,2.0,477.0,1831506905
NaN,NaN,NaN,0.0,14.2,1.8666666666666665,1.0,0.0,2.0,478.0,1831506905
NaN,NaN,NaN,0.0,13.5,1.857142857142857,1.0,0.0,2.0,479.0,1831506905
NaN,NaN,NaN,0.0,13.428571428571427,1.857142857142857,1.0,0.0,2.0,480.0,1831506905
NaN,NaN,NaN,0.0,13.076923076923077,1.846153846153846,1.0,0.0,2.0,481.0,1831506905
NaN,NaN,NaN,0.0,12.166666666666666,1.8333333333333333,1.0,0.0,2.0,482.0,1831506905
NaN,NaN,NaN,0.0,11.454545454545455,1.8181818181818181,1.0,0.0,2.0,483.0,1831506905
NaN,NaN,NaN,0.0,10.272727272727273,1.8181818181818181,1.0,0.0,2.0,484.0,1831506905
NaN,NaN,NaN,0.0,10.272727272727273,1.8181818181818181,1.0,0.0,2.0,485.0,1831506905
NaN,NaN,NaN,0.0,10.272727272727273,1.8181818181818181,1.0,0.0,2.0,486.0,1831506905
NaN,NaN,NaN,0.0,10.272727272727273,1.8181818181818181,1.0,0.0,2.0,487.0,1831506905
NaN,NaN,NaN,0.0,9.8,1.7999999999999998,1.0,0.0,2.0,488.0,1831506905
NaN,NaN,NaN,0.0,9.6,1.7999999999999998,1.0,0.0,2.0,489.0,1831506905
NaN,NaN,NaN,0.0,9.11111111111111,1.7777777777777777,1.0,0.0,2.0,490.0,1831506905
NaN,NaN,NaN,0.0,8.75,1.75,1.0,0.0,2.0,491.0,1831506905
NaN,NaN,NaN,0.0,8.5,1.75,1.0,0.0,2.0,492.0,1831506905
NaN,NaN,NaN,0.0,8.5,1.75,1.0,0.0,2.0,493.0,1831506905
NaN,NaN,NaN,0.0,8.5,1.75,1.0,0.0,2.0,494.0,1831506905
NaN,NaN,NaN,0.0,8.5,1.75,1.0,0.0,2.0,495.0,1831506905
NaN,NaN,NaN,0.0,8.571428571428571,1.7142857142857144,1.0,0.0,2.0,496.0,1831506905
NaN,NaN,NaN,0.0,8.142857142857142,1.7142857142857144,1.0,0.0,2.0,497.0,1831506905
NaN,NaN,NaN,0.0,8.5,1.75,1.0,0.0,2.0,498.0,1831506905
NaN,NaN,NaN,0.0,7.625,1.5,1.0,0.0,2.0,499.0,1831506905
NaN,NaN,NaN,0.0,9.0,1.7777777777777777,1.0,0.0,2.0,500.0,1831506905
NaN,NaN,NaN,0.0,7.222222222222223,1.7777777777777777,1.0,0.0,2.0,501.0,1831506905
NaN,NaN,NaN,0.0,7.0,1.75,1.0,0.0,2.0,502.0,1831506905
NaN,NaN,NaN,0.0,6.5,1.75,1.0,0.0,2.0,503.0,1831506905
NaN,NaN,NaN,0.0,5.5,1.5,1.0,0.0,2.0,504.0,1831506905
NaN,NaN,NaN,0.0,6.5,1.75,1.0,0.0,2.0,505.0,1831506905
NaN,NaN,NaN,0.0,5.777777777777778,1.5555555555555556,1.0,0.0,2.0,506.0,1831506905
NaN,NaN,NaN,0.0,6.25,1.75,1.0,0.0,2.0,507.0,1831506905
NaN,NaN,NaN,0.0,6.888888888888889,1.7777777777777777,1.0,0.0,2.0,508.0,1831506905
NaN,NaN,NaN,0.0,7.800000000000001,1.7999999999999998,1.0,0.0,2.0,509.0,1831506905
NaN,NaN,NaN,0.0,8.636363636363638,1.8181818181818181,1.0,0.0,2.0,510.0,1831506905
NaN,NaN,NaN,0.0,8.636363636363638,1.8181818181818181,1.0,0.0,2.0,511.0,1831506905
NaN,NaN,NaN,0.0,8.636363636363638,1.8181818181818181,1.0,0.0,2.0,512.0,1831506905
NaN,NaN,NaN,0.0,8.636363636363638,1.8181818181818181,1.0,0.0,2.0,513.0,1831506905
NaN,NaN,NaN,0.0,8.636363636363638,1.8181818181818181,1.0,0.0,2.0,514.0,1831506905
NaN,NaN,NaN,0.0,7.916666666666666,1.6666666666666667,1.0,0.0,2.0,515.0,1831506905
NaN,NaN,NaN,0.0,10.384615384615385,1.846153846153846,1.0,0.0,2.0,516.0,1831506905
NaN,NaN,NaN,0.0,11.571428571428573,1.857142857142857,1.0,0.0,2.0,517.0,1831506905
NaN,NaN,NaN,0.0,12.466666666666667,1.8666666666666665,1.0,0.0,2.0,518.0,1831506905
NaN,NaN,NaN,0.0,12.466666666666667,1.8666666666666665,1.0,0.0,2.0,519.0,1831506905
NaN,NaN,NaN,0.0,12.466666666666667,1.8666666666666665,1.0,0.0,2.0,520.0,1831506905
NaN,NaN,NaN,0.0,12.466666666666667,1.8666666666666665,1.0,0.0,2.0,521.0,1831506905
NaN,NaN,NaN,0.0,12.466666666666667,1.8666666666666665,1.0,0.0,2.0,522.0,1831506905
NaN,NaN,NaN,0.0,12.466666666666667,1.8666666666666665,1.0,0.0,2.0,523.0,1831506905
NaN,NaN,NaN,0.0,12.466666666666667,1.8666666666666665,1.0,0.0,2.0,524.0,1831506905
NaN,NaN,NaN,0.0,12.466666666666667,1.8666666666666665,1.0,0.0,2.0,525.0,1831506905
NaN,NaN,NaN,0.0,12.466666666666667,1.8666666666666665,1.0,0.0,2.0,526.0,1831506905
NaN,NaN,NaN,0.0,12.466666666666667,1.8666666666666665,1.0,0.0,2.0,527.0,1831506905
NaN,NaN,NaN,0.0,12.466666666666667,1.8666666666666665,1.0,0.0,2.0,528.0,1831506905
NaN,NaN,NaN,0.0,12.866666666666667,1.8666666666666665,1.0,0.0,2.0,529.0,1831506905
NaN,NaN,NaN,0.0,12.866666666666667,1.8666666666666665,1.0,0.0,2.0,530.0,1831506905
NaN,NaN,NaN,0.0,12.866666666666667,1.8666666666666665,1.0,0.0,2.0,531.0,1831506905
NaN,NaN,NaN,0.0,12.866666666666667,1.8666666666666665,1.0,0.0,2.0,532.0,1831506905
NaN,NaN,NaN,0.0,12.866666666666667,1.8666666666666665,1.0,0.0,2.0,533.0,1831506905
NaN,NaN,NaN,0.0,12.866666666666667,1.8666666666666665,1.0,0.0,2.0,534.0,1831506905
NaN,NaN,NaN,0.0,12.866666666666667,1.8666666666666665,1.0,0.0,2.0,535.0,1831506905
NaN,NaN,NaN,0.0,12.866666666666667,1.8666666666666665,1.0,0.0,2.0,536.0,1831506905
NaN,NaN,NaN,0.0,12.866666666666667,1.8666666666666665,1.0,0.0,2.0,537.0,1831506905
NaN,NaN,NaN,0.0,12.866666666666667,1.8666666666666665,1.0,0.0,2.0,538.0,1831506905
NaN,NaN,NaN,0.0,12.214285714285715,1.857142857142857,1.0,0.0,2.0,539.0,1831506905
NaN,NaN,NaN,0.0,12.000000000000002,1.857142857142857,1.0,0.0,2.0,540.0,1831506905
NaN,NaN,NaN,0.0,11.249999999999998,1.8333333333333333,1.0,0.0,2.0,541.0,1831506905
NaN,NaN,NaN,0.0,10.333333333333332,1.8333333333333333,1.0,0.0,2.0,542.0,1831506905
NaN,NaN,NaN,0.0,10.333333333333332,1.8333333333333333,1.0,0.0,2.0,543.0,1831506905
NaN,NaN,NaN,0.0,10.083333333333332,1.8333333333333333,1.0,0.0,2.0,544.0,1831506905
NaN,NaN,NaN,0.0,10.0,1.8333333333333333,1.0,0.0,2.0,545.0,1831506905
NaN,NaN,NaN,0.0,10.0,1.8333333333333333,1.0,0.0,2.0,546.0,1831506905
NaN,NaN,NaN,0.0,10.0,1.8333333333333333,1.0,0.0,2.0,547.0,1831506905
NaN,NaN,NaN,0.0,9.230769230769232,1.6923076923076923,1.0,0.0,2.0,548.0,1831506905
NaN,NaN,NaN,0.0,10.846153846153847,1.846153846153846,1.0,0.0,2.0,549.0,1831506905
NaN,NaN,NaN,0.0,10.25,1.8333333333333333,1.0,0.0,2.0,550.0,1831506905
NaN,NaN,NaN,0.0,10.0,1.8333333333333333,1.0,0.0,2.0,551.0,1831506905
NaN,NaN,NaN,0.0,9.230769230769232,1.6923076923076923,1.0,0.0,2.0,552.0,1831506905
NaN,NaN,NaN,0.0,11.714285714285715,1.857142857142857,1.0,0.0,2.0,553.0,1831506905
NaN,NaN,NaN,0.0,11.0,1.846153846153846,1.0,0.0,2.0,554.0,1831506905
NaN,NaN,NaN,0.0,10.0,1.8333333333333333,1.0,0.0,2.0,555.0,1831506905
NaN,NaN,NaN,0.0,9.636363636363637,1.8181818181818181,1.0,0.0,2.0,556.0,1831506905
NaN,NaN,NaN,0.0,8.799999999999999,1.7999999999999998,1.0,0.0,2.0,557.0,1831506905
NaN,NaN,NaN,0.0,8.625,1.75,1.0,0.0,2.0,558.0,1831506905
NaN,NaN,NaN,0.0,6.75,1.75,1.0,0.0,2.0,559.0,1831506905
NaN,NaN,NaN,0.0,7.444444444444445,1.7777777777777777,1.0,0.0,2.0,560.0,1831506905
NaN,NaN,NaN,0.0,7.333333333333333,1.7777777777777777,1.0,0.0,2.0,561.0,1831506905
NaN,NaN,NaN,0.0,7.888888888888889,1.7777777777777777,1.0,0.0,2.0,562.0,1831506905
NaN,NaN,NaN,0.0,8.1,1.7999999999999998,1.0,0.0,2.0,563.0,1831506905
NaN,NaN,NaN,0.0,8.1,1.7999999999999998,1.0,0.0,2.0,564.0,1831506905
NaN,NaN,NaN,0.0,8.1,1.7999999999999998,1.0,0.0,2.0,565.0,1831506905
NaN,NaN,NaN,0.0,8.1,1.7999999999999998,1.0,0.0,2.0,566.0,1831506905
NaN,NaN,NaN,0.0,8.1,1.7999999999999998,1.0,0.0,2.0,567.0,1831506905
NaN,NaN,NaN,0.0,8.1,1.7999999999999998,1.0,0.0,2.0,568.0,1831506905
NaN,NaN,NaN,0.0,8.1,1.7999999999999998,1.0,0.0,2.0,569.0,1831506905
NaN,NaN,NaN,0.0,7.363636363636363,1.6363636363636365,1.0,0.0,2.0,570.0,1831506905
NaN,NaN,NaN,0.0,7.545454545454546,1.6363636363636365,1.0,0.0,2.0,571.0,1831506905
NaN,NaN,NaN,0.0,8.90909090909091,1.8181818181818181,1.0,0.0,2.0,572.0,1831506905
NaN,NaN,NaN,0.0,9.75,1.8333333333333333,1.0,0.0,2.0,573.0,1831506905
NaN,NaN,NaN,0.0,9.75,1.8333333333333333,1.0,0.0,2.0,574.0,1831506905
NaN,NaN,NaN,0.0,9.75,1.8333333333333333,1.0,0.0,2.0,575.0,1831506905
NaN,NaN,NaN,0.0,10.615384615384617,1.846153846153846,1.0,0.0,2.0,576.0,1831506905
NaN,NaN,NaN,0.0,11.5,1.857142857142857,1.0,0.0,2.0,577.0,1831506905
NaN,NaN,NaN,0.0,11.857142857142858,1.857142857142857,1.0,0.0,2.0,578.0,1831506905
NaN,NaN,NaN,0.0,11.857142857142858,1.857142857142857,1.0,0.0,2.0,579.0,1831506905
NaN,NaN,NaN,0.0,11.857142857142858,1.857142857142857,1.0,0.0,2.0,580.0,1831506905
NaN,NaN,NaN,0.0,11.857142857142858,1.857142857142857,1.0,0.0,2.0,581.0,1831506905
NaN,NaN,NaN,0.0,11.857142857142858,1.857142857142857,1.0,0.0,2.0,582.0,1831506905
NaN,NaN,NaN,0.0,11.857142857142858,1.857142857142857,1.0,0.0,2.0,583.0,1831506905
NaN,NaN,NaN,0.0,11.857142857142858,1.857142857142857,1.0,0.0,2.0,584.0,1831506905
NaN,NaN,NaN,0.0,11.857142857142858,1.857142857142857,1.0,0.0,2.0,585.0,1831506905
NaN,NaN,NaN,0.0,11.857142857142858,1.857142857142857,1.0,0.0,2.0,586.0,1831506905
NaN,NaN,NaN,0.0,11.857142857142858,1.857142857142857,1.0,0.0,2.0,587.0,1831506905
NaN,NaN,NaN,0.0,11.857142857142858,1.857142857142857,1.0,0.0,2.0,588.0,1831506905
NaN,NaN,NaN,0.0,11.857142857142858,1.857142857142857,1.0,0.0,2.0,589.0,1831506905
NaN,NaN,NaN,0.0,11.857142857142858,1.857142857142857,1.0,0.0,2.0,590.0,1831506905
NaN,NaN,NaN,0.0,11.857142857142858,1.857142857142857,1.0,0.0,2.0,591.0,1831506905
NaN,NaN,NaN,0.0,11.857142857142858,1.857142857142857,1.0,0.0,2.0,592.0,1831506905
NaN,NaN,NaN,0.0,11.857142857142858,1.857142857142857,1.0,0.0,2.0,593.0,1831506905
NaN,NaN,NaN,0.0,11.857142857142858,1.857142857142857,1.0,0.0,2.0,594.0,1831506905
NaN,NaN,NaN,0.0,11.76923076923077,1.846153846153846,1.0,0.0,2.0,595.0,1831506905
NaN,NaN,NaN,0.0,11.0,1.846153846153846,1.0,0.0,2.0,596.0,1831506905
NaN,NaN,NaN,0.0,11.0,1.846153846153846,1.0,0.0,2.0,597.0,1831506905
NaN,NaN,NaN,0.0,11.0,1.846153846153846,1.0,0.0,2.0,598.0,1831506905
NaN,NaN,NaN,0.0,11.0,1.846153846153846,1.0,0.0,2.0,599.0,1831506905
NaN,NaN,NaN,0.0,10.916666666666668,1.8333333333333333,1.0,0.0,2.0,600.0,1831506905
NaN,NaN,NaN,0.0,10.166666666666666,1.8333333333333333,1.0,0.0,2.0,601.0,1831506905
NaN,NaN,NaN,0.0,9.8,1.7999999999999998,1.0,0.0,2.0,602.0,1831506905
NaN,NaN,NaN,0.0,7.375,1.75,1.0,0.0,2.0,603.0,1831506905
NaN,NaN,NaN,0.0,6.5,1.75,1.0,0.0,2.0,604.0,1831506905
NaN,NaN,NaN,0.0,5.25,1.5,1.0,0.0,2.0,605.0,1831506905
NaN,NaN,NaN,0.0,6.5,1.75,1.0,0.0,2.0,606.0,1831506905
NaN,NaN,NaN,0.0,6.5,1.75,1.0,0.0,2.0,607.0,1831506905
NaN,NaN,NaN,0.0,6.5,1.75,1.0,0.0,2.0,608.0,1831506905
NaN,NaN,NaN,0.0,6.5,1.75,1.0,0.0,2.0,609.0,1831506905
NaN,NaN,NaN,0.0,7.222222222222222,1.7777777777777777,1.0,0.0,2.0,610.0,1831506905
NaN,NaN,NaN,0.0,6.5,1.6,1.0,0.0,2.0,611.0,1831506905
NaN,NaN,NaN,0.0,8.2,1.7999999999999998,1.0,0.0,2.0,612.0,1831506905
NaN,NaN,NaN,0.0,8.2,1.7999999999999998,1.0,0.0,2.0,613.0,1831506905
NaN,NaN,NaN,0.0,8.1,1.7999999999999998,1.0,0.0,2.0,614.0,1831506905
NaN,NaN,NaN,0.0,8.0,1.7999999999999998,1.0,0.0,2.0,615.0,1831506905
NaN,NaN,NaN,0.0,8.818181818181818,1.8181818181818181,1.0,0.0,2.0,616.0,1831506905
NaN,NaN,NaN,0.0,8.818181818181818,1.8181818181818181,1.0,0.0,2.0,617.0,1831506905
NaN,NaN,NaN,0.0,8.0,1.7999999999999998,1.0,0.0,2.0,618.0,1831506905
NaN,NaN,NaN,0.0,8.0,1.7999999999999998,1.0,0.0,2.0,619.0,1831506905
NaN,NaN,NaN,0.0,8.0,1.7999999999999998,1.0,0.0,2.0,620.0,1831506905
NaN,NaN,NaN,0.0,8.0,1.7999999999999998,1.0,0.0,2.0,621.0,1831506905
NaN,NaN,NaN,0.0,8.0,1.7999999999999998,1.0,0.0,2.0,622.0,1831506905
NaN,NaN,NaN,0.0,8.0,1.7999999999999998,1.0,0.0,2.0,623.0,1831506905
NaN,NaN,NaN,0.0,7.333333333333333,1.7777777777777777,1.0,0.0,2.0,624.0,1831506905
NaN,NaN,NaN,0.0,7.222222222222222,1.7777777777777777,1.0,0.0,2.0,625.0,1831506905
NaN,NaN,NaN,0.0,7.000000000000001,1.7142857142857144,1.0,0.0,2.0,626.0,1831506905
NaN,NaN,NaN,0.0,6.500000000000001,1.75,1.0,0.0,2.0,627.0,1831506905
NaN,NaN,NaN,0.0,7.0,1.7777777777777777,1.0,0.0,2.0,628.0,1831506905
NaN,NaN,NaN,0.0,7.8,1.7999999999999998,1.0,0.0,2.0,629.0,1831506905
NaN,NaN,NaN,0.0,8.636363636363637,1.8181818181818181,1.0,0.0,2.0,630.0,1831506905
NaN,NaN,NaN,0.0,8.636363636363637,1.8181818181818181,1.0,0.0,2.0,631.0,1831506905
NaN,NaN,NaN,0.0,8.636363636363637,1.8181818181818181,1.0,0.0,2.0,632.0,1831506905
NaN,NaN,NaN,0.0,8.636363636363637,1.8181818181818181,1.0,0.0,2.0,633.0,1831506905
NaN,NaN,NaN,0.0,8.636363636363637,1.8181818181818181,1.0,0.0,2.0,634.0,1831506905
NaN,NaN,NaN,0.0,8.636363636363637,1.8181818181818181,1.0,0.0,2.0,635.0,1831506905
NaN,NaN,NaN,0.0,8.90909090909091,1.8181818181818181,1.0,0.0,2.0,636.0,1831506905
NaN,NaN,NaN,0.0,8.90909090909091,1.8181818181818181,1.0,0.0,2.0,637.0,1831506905
NaN,NaN,NaN,0.0,8.90909090909091,1.8181818181818181,1.0,0.0,2.0,638.0,1831506905
NaN,NaN,NaN,0.0,8.90909090909091,1.8181818181818181,1.0,0.0,2.0,639.0,1831506905
NaN,NaN,NaN,0.0,8.90909090909091,1.8181818181818181,1.0,0.0,2.0,640.0,1831506905
NaN,NaN,NaN,0.0,8.90909090909091,1.8181818181818181,1.0,0.0,2.0,641.0,1831506905
NaN,NaN,NaN,0.0,8.90909090909091,1.8181818181818181,1.0,0.0,2.0,642.0,1831506905
NaN,NaN,NaN,0.0,8.90909090909091,1.8181818181818181,1.0,0.0,2.0,643.0,1831506905
NaN,NaN,NaN,0.0,8.90909090909091,1.8181818181818181,1.0,0.0,2.0,644.0,1831506905
NaN,NaN,NaN,0.0,8.90909090909091,1.8181818181818181,1.0,0.0,2.0,645.0,1831506905
NaN,NaN,NaN,0.0,8.90909090909091,1.8181818181818181,1.0,0.0,2.0,646.0,1831506905
NaN,NaN,NaN,0.0,9.0,1.8181818181818181,1.0,0.0,2.0,647.0,1831506905
NaN,NaN,NaN,0.0,9.0,1.8181818181818181,1.0,0.0,2.0,648.0,1831506905
NaN,NaN,NaN,0.0,8.8,1.7999999999999998,1.0,0.0,2.0,649.0,1831506905
NaN,NaN,NaN,0.0,8.2,1.7999999999999998,1.0,0.0,2.0,650.0,1831506905
NaN,NaN,NaN,0.0,8.2,1.7999999999999998,1.0,0.0,2.0,651.0,1831506905
NaN,NaN,NaN,0.0,8.2,1.7999999999999998,1.0,0.0,2.0,652.0,1831506905
NaN,NaN,NaN,0.0,8.1,1.7999999999999998,1.0,0.0,2.0,653.0,1831506905
NaN,NaN,NaN,0.0,8.1,1.7999999999999998,1.0,0.0,2.0,654.0,1831506905
NaN,NaN,NaN,0.0,8.1,1.7999999999999998,1.0,0.0,2.0,655.0,1831506905
NaN,NaN,NaN,0.0,7.375,1.75,1.0,0.0,2.0,656.0,1831506905
NaN,NaN,NaN,0.0,6.250000000000001,1.75,1.0,0.0,2.0,657.0,1831506905
NaN,NaN,NaN,0.0,6.0,1.75,1.0,0.0,2.0,658.0,1831506905
NaN,NaN,NaN,0.0,5.285714285714286,1.7142857142857144,1.0,0.0,2.0,659.0,1831506905
NaN,NaN,NaN,0.0,5.285714285714286,1.7142857142857144,1.0,0.0,2.0,660.0,1831506905
NaN,NaN,NaN,0.0,5.142857142857143,1.7142857142857144,1.0,0.0,2.0,661.0,1831506905
NaN,NaN,NaN,0.0,5.142857142857143,1.7142857142857144,1.0,0.0,2.0,662.0,1831506905
NaN,NaN,NaN,0.0,5.142857142857143,1.7142857142857144,1.0,0.0,2.0,663.0,1831506905
NaN,NaN,NaN,0.0,5.142857142857143,1.7142857142857144,1.0,0.0,2.0,664.0,1831506905
NaN,NaN,NaN,0.0,5.142857142857143,1.7142857142857144,1.0,0.0,2.0,665.0,1831506905
NaN,NaN,NaN,0.0,5.0,1.6666666666666667,1.0,0.0,2.0,666.0,1831506905
NaN,NaN,NaN,0.0,4.5,1.6666666666666667,1.0,0.0,2.0,667.0,1831506905
NaN,NaN,NaN,0.0,4.5,1.6666666666666667,1.0,0.0,2.0,668.0,1831506905
NaN,NaN,NaN,0.0,5.166666666666667,1.6666666666666667,1.0,0.0,2.0,669.0,1831506905
NaN,NaN,NaN,0.0,4.0,1.6,1.0,0.0,2.0,670.0,1831506905
NaN,NaN,NaN,0.0,2.4,1.2,1.0,0.0,2.0,671.0,1831506905
NaN,NaN,NaN,0.0,3.4,1.6,1.0,0.0,2.0,672.0,1831506905
