"total size","ECM","fibers","necrosis","tick"
12804.0,3621.0,9183.0,0.0,1.0
12814.0,3631.0,6406.0,2777.0,2.0
12814.0,3631.0,6406.0,2777.0,3.0
12814.0,3631.0,6406.0,2777.0,4.0
12814.0,3631.0,6406.0,2777.0,5.0
12814.0,3631.0,6406.0,2777.0,6.0
12814.0,3637.0,6406.0,2771.0,7.0
12814.0,3643.0,6406.0,2765.0,8.0
12814.0,3649.0,6406.0,2759.0,9.0
12813.0,3657.0,6406.0,2750.0,10.0
12813.0,3664.0,6406.0,2743.0,11.0
12813.0,3669.0,6406.0,2738.0,12.0
12812.0,3683.0,6406.0,2723.0,13.0
12811.0,3697.0,6406.0,2708.0,14.0
12810.0,3708.0,6406.0,2696.0,15.0
12810.0,3723.0,6406.0,2681.0,16.0
12810.0,3732.0,6406.0,2672.0,17.0
12810.0,3749.0,6406.0,2655.0,18.0
12807.0,3766.0,6406.0,2635.0,19.0
12806.0,3779.0,6406.0,2621.0,20.0
12804.0,3804.0,6404.0,2596.0,21.0
12803.0,3830.0,6393.0,2580.0,22.0
12801.0,3860.0,6393.0,2548.0,23.0
12801.0,3888.0,6391.0,2522.0,24.0
12797.0,3918.0,6391.0,2488.0,25.0
12810.0,3971.0,6391.0,2448.0,26.0
12804.0,4013.0,6390.0,2401.0,27.0
12800.0,4060.0,6388.0,2352.0,28.0
12796.0,4112.0,6368.0,2316.0,29.0
12793.0,4170.0,6367.0,2256.0,30.0
12786.0,4229.0,6351.0,2206.0,31.0
12784.0,4303.0,6350.0,2131.0,32.0
12776.0,4364.0,6349.0,2063.0,33.0
12767.0,4434.0,6347.0,1986.0,34.0
12762.0,4499.0,6347.0,1916.0,35.0
12750.0,4577.0,6345.0,1828.0,36.0
12742.0,4651.0,6342.0,1749.0,37.0
12735.0,4713.0,6337.0,1685.0,38.0
12727.0,4775.0,6337.0,1615.0,39.0
12713.0,4845.0,6335.0,1533.0,40.0
12696.0,4912.0,6335.0,1449.0,41.0
12689.0,4993.0,6330.0,1366.0,42.0
12677.0,5073.0,6329.0,1275.0,43.0
12665.0,5153.0,6329.0,1183.0,44.0
12650.0,5210.0,6326.0,1114.0,45.0
12633.0,5268.0,6325.0,1040.0,46.0
12609.0,5336.0,6322.0,951.0,47.0
12585.0,5385.0,6318.0,882.0,48.0
12567.0,5444.0,6318.0,805.0,49.0
12598.0,5541.0,6317.0,740.0,50.0
12579.0,5602.0,6309.0,668.0,51.0
12555.0,5664.0,6301.0,590.0,52.0
12535.0,5733.0,6299.0,503.0,53.0
12512.0,5797.0,6297.0,418.0,54.0
12481.0,5835.0,6293.0,353.0,55.0
12457.0,5866.0,6289.0,302.0,56.0
12435.0,5909.0,6289.0,237.0,57.0
12415.0,5966.0,6289.0,160.0,58.0
12391.0,6015.0,6281.0,95.0,59.0
12376.0,6066.0,6273.0,37.0,60.0
12357.0,6092.0,6265.0,0.0,61.0
12327.0,6062.0,6265.0,0.0,62.0
12310.0,6049.0,6261.0,0.0,63.0
12298.0,6039.0,6259.0,0.0,64.0
12285.0,6026.0,6259.0,0.0,65.0
12259.0,6003.0,6256.0,0.0,66.0
12232.0,5976.0,6256.0,0.0,67.0
12216.0,5967.0,6249.0,0.0,68.0
12193.0,5948.0,6245.0,0.0,69.0
12175.0,5930.0,6245.0,0.0,70.0
12149.0,5911.0,6238.0,0.0,71.0
12124.0,5893.0,6231.0,0.0,72.0
12103.0,5878.0,6225.0,0.0,73.0
12157.0,5932.0,6225.0,0.0,74.0
12139.0,5919.0,6220.0,0.0,75.0
12120.0,5903.0,6217.0,0.0,76.0
12107.0,5891.0,6216.0,0.0,77.0
12092.0,5876.0,6216.0,0.0,78.0
12080.0,5868.0,6212.0,0.0,79.0
12063.0,5852.0,6211.0,0.0,80.0
12042.0,5831.0,6211.0,0.0,81.0
12026.0,5820.0,6206.0,0.0,82.0
12011.0,5804.0,6207.0,0.0,83.0
12000.0,5797.0,6203.0,0.0,84.0
11985.0,5785.0,6200.0,0.0,85.0
11969.0,5770.0,6199.0,0.0,86.0
11949.0,5751.0,6198.0,0.0,87.0
11929.0,5731.0,6198.0,0.0,88.0
11910.0,5715.0,6195.0,0.0,89.0
11894.0,5702.0,6192.0,0.0,90.0
11881.0,5689.0,6192.0,0.0,91.0
11867.0,5678.0,6189.0,0.0,92.0
11851.0,5664.0,6187.0,0.0,93.0
11837.0,5649.0,6188.0,0.0,94.0
11818.0,5637.0,6181.0,0.0,95.0
11799.0,5618.0,6181.0,0.0,96.0
11788.0,5610.0,6178.0,0.0,97.0
11877.0,5699.0,6178.0,0.0,98.0
11862.0,5684.0,6178.0,0.0,99.0
11850.0,5673.0,6177.0,0.0,100.0
11837.0,5664.0,6173.0,0.0,101.0
11824.0,5652.0,6172.0,0.0,102.0
11809.0,5637.0,6172.0,0.0,103.0
11795.0,5628.0,6167.0,0.0,104.0
11777.0,5612.0,6165.0,0.0,105.0
11768.0,5607.0,6161.0,0.0,106.0
11759.0,5603.0,6156.0,0.0,107.0
11749.0,5593.0,6156.0,0.0,108.0
11737.0,5586.0,6151.0,0.0,109.0
11725.0,5574.0,6151.0,0.0,110.0
11708.0,5557.0,6151.0,0.0,111.0
11693.0,5549.0,6144.0,0.0,112.0
11678.0,5532.0,6146.0,0.0,113.0
11669.0,5528.0,6141.0,0.0,114.0
11656.0,5516.0,6140.0,0.0,115.0
11649.0,5509.0,6140.0,0.0,116.0
11636.0,5496.0,6140.0,0.0,117.0
11627.0,5489.0,6138.0,0.0,118.0
11617.0,5479.0,6138.0,0.0,119.0
11604.0,5469.0,6135.0,0.0,120.0
11594.0,5458.0,6136.0,0.0,121.0
11674.0,5537.0,6137.0,0.0,122.0
11662.0,5523.0,6139.0,0.0,123.0
11651.0,5514.0,6137.0,0.0,124.0
11644.0,5505.0,6139.0,0.0,125.0
11634.0,5491.0,6143.0,0.0,126.0
11628.0,5480.0,6148.0,0.0,127.0
11621.0,5469.0,6152.0,0.0,128.0
11606.0,5455.0,6151.0,0.0,129.0
11597.0,5443.0,6154.0,0.0,130.0
11586.0,5427.0,6159.0,0.0,131.0
11579.0,5420.0,6159.0,0.0,132.0
11571.0,5406.0,6165.0,0.0,133.0
11555.0,5391.0,6164.0,0.0,134.0
11540.0,5372.0,6168.0,0.0,135.0
11534.0,5369.0,6165.0,0.0,136.0
11525.0,5357.0,6168.0,0.0,137.0
11520.0,5347.0,6173.0,0.0,138.0
11511.0,5333.0,6178.0,0.0,139.0
11508.0,5327.0,6181.0,0.0,140.0
11502.0,5316.0,6186.0,0.0,141.0
11497.0,5306.0,6191.0,0.0,142.0
11489.0,5297.0,6192.0,0.0,143.0
11483.0,5287.0,6196.0,0.0,144.0
11481.0,5282.0,6199.0,0.0,145.0
11567.0,5365.0,6202.0,0.0,146.0
11564.0,5355.0,6209.0,0.0,147.0
11559.0,5344.0,6215.0,0.0,148.0
11556.0,5331.0,6225.0,0.0,149.0
11551.0,5318.0,6233.0,0.0,150.0
11545.0,5308.0,6237.0,0.0,151.0
11543.0,5299.0,6244.0,0.0,152.0
11533.0,5283.0,6250.0,0.0,153.0
11526.0,5268.0,6258.0,0.0,154.0
11520.0,5257.0,6263.0,0.0,155.0
11515.0,5250.0,6265.0,0.0,156.0
11508.0,5238.0,6270.0,0.0,157.0
11506.0,5220.0,6286.0,0.0,158.0
11494.0,5204.0,6290.0,0.0,159.0
11489.0,5189.0,6300.0,0.0,160.0
11480.0,5172.0,6308.0,0.0,161.0
11475.0,5161.0,6314.0,0.0,162.0
11469.0,5150.0,6319.0,0.0,163.0
11463.0,5136.0,6327.0,0.0,164.0
11461.0,5123.0,6338.0,0.0,165.0
11456.0,5112.0,6344.0,0.0,166.0
11454.0,5099.0,6355.0,0.0,167.0
11446.0,5079.0,6367.0,0.0,168.0
11439.0,5066.0,6373.0,0.0,169.0
11508.0,5128.0,6380.0,0.0,170.0
11507.0,5116.0,6391.0,0.0,171.0
11499.0,5098.0,6401.0,0.0,172.0
11491.0,5081.0,6410.0,0.0,173.0
11491.0,5074.0,6417.0,0.0,174.0
11486.0,5061.0,6425.0,0.0,175.0
11484.0,5054.0,6430.0,0.0,176.0
11481.0,5043.0,6438.0,0.0,177.0
11477.0,5023.0,6454.0,0.0,178.0
11471.0,5004.0,6467.0,0.0,179.0
11466.0,4987.0,6479.0,0.0,180.0
11461.0,4971.0,6490.0,0.0,181.0
11461.0,4955.0,6506.0,0.0,182.0
11457.0,4935.0,6522.0,0.0,183.0
11453.0,4919.0,6534.0,0.0,184.0
11450.0,4905.0,6545.0,0.0,185.0
11446.0,4891.0,6555.0,0.0,186.0
11441.0,4873.0,6568.0,0.0,187.0
11438.0,4850.0,6588.0,0.0,188.0
11434.0,4831.0,6603.0,0.0,189.0
11430.0,4812.0,6618.0,0.0,190.0
11423.0,4796.0,6627.0,0.0,191.0
11419.0,4776.0,6643.0,0.0,192.0
11416.0,4761.0,6655.0,0.0,193.0
11483.0,4813.0,6670.0,0.0,194.0
11482.0,4800.0,6682.0,0.0,195.0
11477.0,4781.0,6696.0,0.0,196.0
11473.0,4764.0,6709.0,0.0,197.0
11470.0,4750.0,6720.0,0.0,198.0
11466.0,4730.0,6736.0,0.0,199.0
11466.0,4714.0,6752.0,0.0,200.0
11465.0,4703.0,6762.0,0.0,201.0
11463.0,4682.0,6781.0,0.0,202.0
11459.0,4671.0,6788.0,0.0,203.0
11455.0,4652.0,6803.0,0.0,204.0
11453.0,4640.0,6813.0,0.0,205.0
11452.0,4620.0,6832.0,0.0,206.0
11451.0,4602.0,6849.0,0.0,207.0
11450.0,4579.0,6871.0,0.0,208.0
11450.0,4559.0,6891.0,0.0,209.0
11448.0,4536.0,6912.0,0.0,210.0
11446.0,4516.0,6930.0,0.0,211.0
11445.0,4499.0,6946.0,0.0,212.0
11444.0,4474.0,6970.0,0.0,213.0
11444.0,4454.0,6990.0,0.0,214.0
11443.0,4443.0,7000.0,0.0,215.0
11441.0,4418.0,7023.0,0.0,216.0
11437.0,4400.0,7037.0,0.0,217.0
11522.0,4471.0,7051.0,0.0,218.0
11520.0,4453.0,7067.0,0.0,219.0
11518.0,4430.0,7088.0,0.0,220.0
11516.0,4412.0,7104.0,0.0,221.0
11516.0,4394.0,7122.0,0.0,222.0
11515.0,4374.0,7141.0,0.0,223.0
11513.0,4356.0,7157.0,0.0,224.0
11511.0,4337.0,7174.0,0.0,225.0
11511.0,4322.0,7189.0,0.0,226.0
11510.0,4301.0,7209.0,0.0,227.0
11509.0,4281.0,7228.0,0.0,228.0
11507.0,4257.0,7250.0,0.0,229.0
11504.0,4230.0,7274.0,0.0,230.0
11503.0,4212.0,7291.0,0.0,231.0
11501.0,4189.0,7312.0,0.0,232.0
11500.0,4162.0,7338.0,0.0,233.0
11498.0,4145.0,7353.0,0.0,234.0
11498.0,4131.0,7367.0,0.0,235.0
11498.0,4110.0,7388.0,0.0,236.0
11498.0,4083.0,7415.0,0.0,237.0
11499.0,4064.0,7435.0,0.0,238.0
11500.0,4043.0,7457.0,0.0,239.0
11501.0,4027.0,7474.0,0.0,240.0
11505.0,4013.0,7492.0,0.0,241.0
11623.0,4124.0,7499.0,0.0,242.0
11626.0,4109.0,7517.0,0.0,243.0
11628.0,4089.0,7539.0,0.0,244.0
11628.0,4076.0,7552.0,0.0,245.0
11626.0,4057.0,7569.0,0.0,246.0
11627.0,4040.0,7587.0,0.0,247.0
11629.0,4030.0,7599.0,0.0,248.0
11631.0,4011.0,7620.0,0.0,249.0
11631.0,3996.0,7635.0,0.0,250.0
11636.0,3977.0,7659.0,0.0,251.0
11638.0,3958.0,7680.0,0.0,252.0
11639.0,3937.0,7702.0,0.0,253.0
11643.0,3919.0,7724.0,0.0,254.0
11651.0,3911.0,7740.0,0.0,255.0
11655.0,3929.0,7726.0,0.0,256.0
11657.0,3913.0,7744.0,0.0,257.0
11662.0,3902.0,7760.0,0.0,258.0
11666.0,3897.0,7769.0,0.0,259.0
11670.0,3883.0,7787.0,0.0,260.0
11672.0,3872.0,7800.0,0.0,261.0
11675.0,3862.0,7813.0,0.0,262.0
11677.0,3843.0,7834.0,0.0,263.0
11686.0,3835.0,7851.0,0.0,264.0
11688.0,3820.0,7868.0,0.0,265.0
11799.0,3914.0,7885.0,0.0,266.0
11805.0,3910.0,7895.0,0.0,267.0
11807.0,3893.0,7914.0,0.0,268.0
11817.0,3902.0,7915.0,0.0,269.0
11820.0,3883.0,7937.0,0.0,270.0
11827.0,3888.0,7939.0,0.0,271.0
11832.0,3868.0,7964.0,0.0,272.0
11834.0,3856.0,7978.0,0.0,273.0
11839.0,3846.0,7993.0,0.0,274.0
11846.0,3856.0,7990.0,0.0,275.0
11847.0,3846.0,8001.0,0.0,276.0
11851.0,3828.0,8023.0,0.0,277.0
11859.0,3830.0,8029.0,0.0,278.0
11862.0,3814.0,8048.0,0.0,279.0
11872.0,3802.0,8070.0,0.0,280.0
11874.0,3821.0,8053.0,0.0,281.0
11879.0,3819.0,8060.0,0.0,282.0
11881.0,3809.0,8072.0,0.0,283.0
11887.0,3807.0,8080.0,0.0,284.0
11889.0,3794.0,8095.0,0.0,285.0
11893.0,3784.0,8109.0,0.0,286.0
11901.0,3787.0,8114.0,0.0,287.0
11905.0,3773.0,8132.0,0.0,288.0
11911.0,3771.0,8140.0,0.0,289.0
12040.0,3880.0,8160.0,0.0,290.0
12043.0,3870.0,8173.0,0.0,291.0
12051.0,3877.0,8174.0,0.0,292.0
12058.0,3873.0,8185.0,0.0,293.0
12061.0,3862.0,8199.0,0.0,294.0
12064.0,3848.0,8216.0,0.0,295.0
12068.0,3843.0,8225.0,0.0,296.0
12074.0,3843.0,8231.0,0.0,297.0
12078.0,3827.0,8251.0,0.0,298.0
12086.0,3827.0,8259.0,0.0,299.0
12087.0,3813.0,8274.0,0.0,300.0
12095.0,3826.0,8269.0,0.0,301.0
12097.0,3814.0,8283.0,0.0,302.0
12104.0,3808.0,8296.0,0.0,303.0
12110.0,3796.0,8314.0,0.0,304.0
12115.0,3793.0,8322.0,0.0,305.0
12116.0,3779.0,8337.0,0.0,306.0
12120.0,3786.0,8334.0,0.0,307.0
12122.0,3768.0,8354.0,0.0,308.0
12126.0,3755.0,8371.0,0.0,309.0
12131.0,3759.0,8372.0,0.0,310.0
12139.0,3750.0,8389.0,0.0,311.0
12145.0,3771.0,8374.0,0.0,312.0
12150.0,3771.0,8379.0,0.0,313.0
12300.0,3910.0,8390.0,0.0,314.0
12302.0,3898.0,8404.0,0.0,315.0
12306.0,3896.0,8410.0,0.0,316.0
12307.0,3889.0,8418.0,0.0,317.0
12311.0,3880.0,8431.0,0.0,318.0
12316.0,3891.0,8425.0,0.0,319.0
12316.0,3881.0,8435.0,0.0,320.0
12319.0,3873.0,8446.0,0.0,321.0
12326.0,3865.0,8461.0,0.0,322.0
12331.0,3877.0,8454.0,0.0,323.0
12336.0,3879.0,8457.0,0.0,324.0
12340.0,3876.0,8464.0,0.0,325.0
12344.0,3861.0,8483.0,0.0,326.0
12346.0,3855.0,8491.0,0.0,327.0
12349.0,3849.0,8500.0,0.0,328.0
12354.0,3850.0,8504.0,0.0,329.0
12359.0,3848.0,8511.0,0.0,330.0
12362.0,3829.0,8533.0,0.0,331.0
12370.0,3819.0,8551.0,0.0,332.0
12379.0,3839.0,8540.0,0.0,333.0
12382.0,3820.0,8562.0,0.0,334.0
12392.0,3831.0,8561.0,0.0,335.0
12396.0,3819.0,8577.0,0.0,336.0
12403.0,3820.0,8583.0,0.0,337.0
12512.0,3930.0,8582.0,0.0,338.0
12514.0,3926.0,8588.0,0.0,339.0
12516.0,3924.0,8592.0,0.0,340.0
12518.0,3933.0,8585.0,0.0,341.0
12520.0,3926.0,8594.0,0.0,342.0
12522.0,3921.0,8601.0,0.0,343.0
12523.0,3916.0,8607.0,0.0,344.0
12528.0,3909.0,8619.0,0.0,345.0
12534.0,3903.0,8631.0,0.0,346.0
12537.0,3909.0,8628.0,0.0,347.0
12542.0,3900.0,8642.0,0.0,348.0
12543.0,3905.0,8638.0,0.0,349.0
12550.0,3911.0,8639.0,0.0,350.0
12546.0,3901.0,8645.0,0.0,351.0
12547.0,3889.0,8658.0,0.0,352.0
12549.0,3883.0,8666.0,0.0,353.0
12554.0,3878.0,8676.0,0.0,354.0
12559.0,3870.0,8689.0,0.0,355.0
12566.0,3867.0,8699.0,0.0,356.0
12566.0,3875.0,8691.0,0.0,357.0
12568.0,3867.0,8701.0,0.0,358.0
12570.0,3866.0,8704.0,0.0,359.0
12575.0,3880.0,8695.0,0.0,360.0
12576.0,3872.0,8704.0,0.0,361.0
12658.0,3946.0,8712.0,0.0,362.0
12659.0,3926.0,8733.0,0.0,363.0
12660.0,3915.0,8745.0,0.0,364.0
12662.0,3903.0,8759.0,0.0,365.0
12664.0,3897.0,8767.0,0.0,366.0
12665.0,3885.0,8780.0,0.0,367.0
12665.0,3880.0,8785.0,0.0,368.0
12666.0,3874.0,8792.0,0.0,369.0
12667.0,3867.0,8800.0,0.0,370.0
12667.0,3868.0,8799.0,0.0,371.0
12670.0,3859.0,8811.0,0.0,372.0
12674.0,3855.0,8819.0,0.0,373.0
12677.0,3860.0,8817.0,0.0,374.0
12680.0,3857.0,8823.0,0.0,375.0
12684.0,3850.0,8834.0,0.0,376.0
12686.0,3847.0,8839.0,0.0,377.0
12687.0,3852.0,8835.0,0.0,378.0
12688.0,3844.0,8844.0,0.0,379.0
12690.0,3848.0,8842.0,0.0,380.0
12693.0,3847.0,8846.0,0.0,381.0
12693.0,3837.0,8856.0,0.0,382.0
12698.0,3839.0,8859.0,0.0,383.0
12702.0,3837.0,8865.0,0.0,384.0
12704.0,3834.0,8870.0,0.0,385.0
12762.0,3884.0,8878.0,0.0,386.0
12763.0,3878.0,8885.0,0.0,387.0
12762.0,3873.0,8889.0,0.0,388.0
12763.0,3869.0,8894.0,0.0,389.0
12766.0,3861.0,8905.0,0.0,390.0
12768.0,3852.0,8916.0,0.0,391.0
12769.0,3850.0,8919.0,0.0,392.0
12771.0,3845.0,8926.0,0.0,393.0
12771.0,3854.0,8917.0,0.0,394.0
12772.0,3858.0,8914.0,0.0,395.0
12773.0,3858.0,8915.0,0.0,396.0
12773.0,3856.0,8917.0,0.0,397.0
12773.0,3850.0,8923.0,0.0,398.0
12774.0,3845.0,8929.0,0.0,399.0
12775.0,3845.0,8930.0,0.0,400.0
12777.0,3846.0,8931.0,0.0,401.0
12777.0,3843.0,8934.0,0.0,402.0
12779.0,3839.0,8940.0,0.0,403.0
12779.0,3837.0,8942.0,0.0,404.0
12779.0,3832.0,8947.0,0.0,405.0
12780.0,3832.0,8948.0,0.0,406.0
12780.0,3827.0,8953.0,0.0,407.0
12781.0,3827.0,8954.0,0.0,408.0
12782.0,3824.0,8958.0,0.0,409.0
12838.0,3876.0,8962.0,0.0,410.0
12840.0,3873.0,8967.0,0.0,411.0
12840.0,3872.0,8968.0,0.0,412.0
12840.0,3872.0,8968.0,0.0,413.0
12841.0,3873.0,8968.0,0.0,414.0
12841.0,3872.0,8969.0,0.0,415.0
12841.0,3869.0,8972.0,0.0,416.0
12841.0,3867.0,8974.0,0.0,417.0
12841.0,3865.0,8976.0,0.0,418.0
12842.0,3863.0,8979.0,0.0,419.0
12841.0,3864.0,8977.0,0.0,420.0
12841.0,3863.0,8978.0,0.0,421.0
12841.0,3861.0,8980.0,0.0,422.0
12842.0,3870.0,8972.0,0.0,423.0
12843.0,3865.0,8978.0,0.0,424.0
12844.0,3863.0,8981.0,0.0,425.0
12845.0,3859.0,8986.0,0.0,426.0
12848.0,3860.0,8988.0,0.0,427.0
12849.0,3864.0,8985.0,0.0,428.0
12850.0,3863.0,8987.0,0.0,429.0
12851.0,3864.0,8987.0,0.0,430.0
12854.0,3868.0,8986.0,0.0,431.0
12854.0,3866.0,8988.0,0.0,432.0
12856.0,3866.0,8990.0,0.0,433.0
12902.0,3910.0,8992.0,0.0,434.0
12893.0,3900.0,8993.0,0.0,435.0
12893.0,3898.0,8995.0,0.0,436.0
12894.0,3896.0,8998.0,0.0,437.0
12894.0,3895.0,8999.0,0.0,438.0
12894.0,3894.0,9000.0,0.0,439.0
12895.0,3890.0,9005.0,0.0,440.0
12895.0,3888.0,9007.0,0.0,441.0
12898.0,3886.0,9012.0,0.0,442.0
12898.0,3893.0,9005.0,0.0,443.0
12900.0,3887.0,9013.0,0.0,444.0
12903.0,3883.0,9020.0,0.0,445.0
12903.0,3892.0,9011.0,0.0,446.0
12905.0,3891.0,9014.0,0.0,447.0
12906.0,3893.0,9013.0,0.0,448.0
12907.0,3889.0,9018.0,0.0,449.0
12910.0,3889.0,9021.0,0.0,450.0
12911.0,3880.0,9031.0,0.0,451.0
12912.0,3876.0,9036.0,0.0,452.0
12912.0,3872.0,9040.0,0.0,453.0
12913.0,3871.0,9042.0,0.0,454.0
12913.0,3871.0,9042.0,0.0,455.0
12913.0,3869.0,9044.0,0.0,456.0
12914.0,3867.0,9047.0,0.0,457.0
12949.0,3900.0,9049.0,0.0,458.0
12949.0,3899.0,9050.0,0.0,459.0
12949.0,3899.0,9050.0,0.0,460.0
12951.0,3899.0,9052.0,0.0,461.0
12952.0,3899.0,9053.0,0.0,462.0
12952.0,3898.0,9054.0,0.0,463.0
12954.0,3899.0,9055.0,0.0,464.0
12952.0,3896.0,9056.0,0.0,465.0
12953.0,3897.0,9056.0,0.0,466.0
12953.0,3897.0,9056.0,0.0,467.0
12955.0,3898.0,9057.0,0.0,468.0
12958.0,3893.0,9065.0,0.0,469.0
12958.0,3901.0,9057.0,0.0,470.0
12959.0,3900.0,9059.0,0.0,471.0
12959.0,3900.0,9059.0,0.0,472.0
12960.0,3894.0,9066.0,0.0,473.0
12961.0,3898.0,9063.0,0.0,474.0
12963.0,3896.0,9067.0,0.0,475.0
12963.0,3895.0,9068.0,0.0,476.0
12963.0,3895.0,9068.0,0.0,477.0
12963.0,3895.0,9068.0,0.0,478.0
12964.0,3897.0,9067.0,0.0,479.0
12964.0,3895.0,9069.0,0.0,480.0
12964.0,3894.0,9070.0,0.0,481.0
12995.0,3921.0,9074.0,0.0,482.0
12986.0,3914.0,9072.0,0.0,483.0
12987.0,3914.0,9073.0,0.0,484.0
12987.0,3913.0,9074.0,0.0,485.0
12987.0,3913.0,9074.0,0.0,486.0
12989.0,3914.0,9075.0,0.0,487.0
12989.0,3911.0,9078.0,0.0,488.0
12991.0,3911.0,9080.0,0.0,489.0
12993.0,3913.0,9080.0,0.0,490.0
12992.0,3912.0,9080.0,0.0,491.0
12993.0,3909.0,9084.0,0.0,492.0
12996.0,3906.0,9090.0,0.0,493.0
12997.0,3907.0,9090.0,0.0,494.0
12997.0,3903.0,9094.0,0.0,495.0
12997.0,3902.0,9095.0,0.0,496.0
12997.0,3902.0,9095.0,0.0,497.0
12997.0,3899.0,9098.0,0.0,498.0
12997.0,3898.0,9099.0,0.0,499.0
12998.0,3898.0,9100.0,0.0,500.0
13000.0,3896.0,9104.0,0.0,501.0
13001.0,3897.0,9104.0,0.0,502.0
13005.0,3898.0,9107.0,0.0,503.0
13006.0,3909.0,9097.0,0.0,504.0
13006.0,3907.0,9099.0,0.0,505.0
13025.0,3922.0,9103.0,0.0,506.0
13027.0,3921.0,9106.0,0.0,507.0
13028.0,3917.0,9111.0,0.0,508.0
13029.0,3918.0,9111.0,0.0,509.0
13029.0,3917.0,9112.0,0.0,510.0
13030.0,3915.0,9115.0,0.0,511.0
13032.0,3920.0,9112.0,0.0,512.0
13032.0,3917.0,9115.0,0.0,513.0
13033.0,3915.0,9118.0,0.0,514.0
13034.0,3914.0,9120.0,0.0,515.0
13034.0,3912.0,9122.0,0.0,516.0
13037.0,3915.0,9122.0,0.0,517.0
13039.0,3910.0,9129.0,0.0,518.0
13042.0,3920.0,9122.0,0.0,519.0
13042.0,3917.0,9125.0,0.0,520.0
13044.0,3914.0,9130.0,0.0,521.0
13045.0,3915.0,9130.0,0.0,522.0
13044.0,3914.0,9130.0,0.0,523.0
13044.0,3912.0,9132.0,0.0,524.0
13045.0,3913.0,9132.0,0.0,525.0
13048.0,3913.0,9135.0,0.0,526.0
13049.0,3917.0,9132.0,0.0,527.0
13050.0,3916.0,9134.0,0.0,528.0
13050.0,3916.0,9134.0,0.0,529.0
13063.0,3926.0,9137.0,0.0,530.0
13062.0,3926.0,9136.0,0.0,531.0
13066.0,3930.0,9136.0,0.0,532.0
13069.0,3936.0,9133.0,0.0,533.0
13068.0,3937.0,9131.0,0.0,534.0
13069.0,3935.0,9134.0,0.0,535.0
13069.0,3932.0,9137.0,0.0,536.0
13069.0,3939.0,9130.0,0.0,537.0
13071.0,3939.0,9132.0,0.0,538.0
13071.0,3942.0,9129.0,0.0,539.0
13075.0,3939.0,9136.0,0.0,540.0
13076.0,3934.0,9142.0,0.0,541.0
13086.0,3931.0,9155.0,0.0,542.0
13087.0,3935.0,9152.0,0.0,543.0
13090.0,3941.0,9149.0,0.0,544.0
13091.0,3947.0,9144.0,0.0,545.0
13091.0,3941.0,9150.0,0.0,546.0
13095.0,3937.0,9158.0,0.0,547.0
13096.0,3942.0,9154.0,0.0,548.0
13098.0,3945.0,9153.0,0.0,549.0
13100.0,3946.0,9154.0,0.0,550.0
13101.0,3946.0,9155.0,0.0,551.0
13104.0,3945.0,9159.0,0.0,552.0
13105.0,3944.0,9161.0,0.0,553.0
13124.0,3957.0,9167.0,0.0,554.0
13125.0,3960.0,9165.0,0.0,555.0
13125.0,3959.0,9166.0,0.0,556.0
13125.0,3956.0,9169.0,0.0,557.0
13125.0,3959.0,9166.0,0.0,558.0
13126.0,3958.0,9168.0,0.0,559.0
13127.0,3957.0,9170.0,0.0,560.0
13127.0,3959.0,9168.0,0.0,561.0
13127.0,3955.0,9172.0,0.0,562.0
13129.0,3952.0,9177.0,0.0,563.0
13130.0,3955.0,9175.0,0.0,564.0
13133.0,3958.0,9175.0,0.0,565.0
13134.0,3953.0,9181.0,0.0,566.0
13135.0,3950.0,9185.0,0.0,567.0
13138.0,3949.0,9189.0,0.0,568.0
13138.0,3955.0,9183.0,0.0,569.0
13138.0,3952.0,9186.0,0.0,570.0
13139.0,3952.0,9187.0,0.0,571.0
13142.0,3952.0,9190.0,0.0,572.0
13143.0,3957.0,9186.0,0.0,573.0
13147.0,3957.0,9190.0,0.0,574.0
13150.0,3966.0,9184.0,0.0,575.0
13151.0,3965.0,9186.0,0.0,576.0
13151.0,3967.0,9184.0,0.0,577.0
13165.0,3980.0,9185.0,0.0,578.0
13166.0,3980.0,9186.0,0.0,579.0
13167.0,3985.0,9182.0,0.0,580.0
13167.0,3984.0,9183.0,0.0,581.0
13167.0,3983.0,9184.0,0.0,582.0
13169.0,3983.0,9186.0,0.0,583.0
13167.0,3982.0,9185.0,0.0,584.0
13167.0,3981.0,9186.0,0.0,585.0
13168.0,3980.0,9188.0,0.0,586.0
13169.0,3976.0,9193.0,0.0,587.0
13169.0,3974.0,9195.0,0.0,588.0
13170.0,3968.0,9202.0,0.0,589.0
13172.0,3964.0,9208.0,0.0,590.0
13175.0,3974.0,9201.0,0.0,591.0
13178.0,3973.0,9205.0,0.0,592.0
13178.0,3968.0,9210.0,0.0,593.0
13179.0,3968.0,9211.0,0.0,594.0
13181.0,3964.0,9217.0,0.0,595.0
13182.0,3969.0,9213.0,0.0,596.0
13185.0,3966.0,9219.0,0.0,597.0
13190.0,3965.0,9225.0,0.0,598.0
13189.0,3973.0,9216.0,0.0,599.0
13188.0,3971.0,9217.0,0.0,600.0
13188.0,3964.0,9224.0,0.0,601.0
13222.0,3999.0,9223.0,0.0,602.0
13221.0,3997.0,9224.0,0.0,603.0
13221.0,3995.0,9226.0,0.0,604.0
13221.0,3993.0,9228.0,0.0,605.0
13221.0,3991.0,9230.0,0.0,606.0
13221.0,3990.0,9231.0,0.0,607.0
13223.0,3989.0,9234.0,0.0,608.0
13222.0,3986.0,9236.0,0.0,609.0
13223.0,3978.0,9245.0,0.0,610.0
13222.0,3976.0,9246.0,0.0,611.0
13222.0,3974.0,9248.0,0.0,612.0
13223.0,3972.0,9251.0,0.0,613.0
13224.0,3974.0,9250.0,0.0,614.0
13225.0,3975.0,9250.0,0.0,615.0
13226.0,3974.0,9252.0,0.0,616.0
13226.0,3973.0,9253.0,0.0,617.0
13227.0,3972.0,9255.0,0.0,618.0
13230.0,3972.0,9258.0,0.0,619.0
13229.0,3973.0,9256.0,0.0,620.0
13230.0,3973.0,9257.0,0.0,621.0
13230.0,3973.0,9257.0,0.0,622.0
13230.0,3973.0,9257.0,0.0,623.0
13230.0,3973.0,9257.0,0.0,624.0
13231.0,3973.0,9258.0,0.0,625.0
13254.0,3995.0,9259.0,0.0,626.0
13253.0,3994.0,9259.0,0.0,627.0
13253.0,3994.0,9259.0,0.0,628.0
13253.0,3994.0,9259.0,0.0,629.0
13253.0,3993.0,9260.0,0.0,630.0
13255.0,3994.0,9261.0,0.0,631.0
13256.0,3994.0,9262.0,0.0,632.0
13256.0,3994.0,9262.0,0.0,633.0
13257.0,3993.0,9264.0,0.0,634.0
13257.0,3994.0,9263.0,0.0,635.0
13257.0,3995.0,9262.0,0.0,636.0
13257.0,3995.0,9262.0,0.0,637.0
13257.0,3995.0,9262.0,0.0,638.0
13258.0,3995.0,9263.0,0.0,639.0
13259.0,3994.0,9265.0,0.0,640.0
13259.0,3994.0,9265.0,0.0,641.0
13259.0,3994.0,9265.0,0.0,642.0
13259.0,3992.0,9267.0,0.0,643.0
13259.0,3991.0,9268.0,0.0,644.0
13259.0,3990.0,9269.0,0.0,645.0
13259.0,3989.0,9270.0,0.0,646.0
13261.0,3991.0,9270.0,0.0,647.0
13261.0,3990.0,9271.0,0.0,648.0
13261.0,3990.0,9271.0,0.0,649.0
13267.0,3996.0,9271.0,0.0,650.0
13267.0,3996.0,9271.0,0.0,651.0
13267.0,3996.0,9271.0,0.0,652.0
13267.0,3996.0,9271.0,0.0,653.0
13268.0,3999.0,9269.0,0.0,654.0
13267.0,3997.0,9270.0,0.0,655.0
13268.0,3998.0,9270.0,0.0,656.0
13268.0,3997.0,9271.0,0.0,657.0
13268.0,3996.0,9272.0,0.0,658.0
13268.0,3994.0,9274.0,0.0,659.0
13268.0,3993.0,9275.0,0.0,660.0
13268.0,3993.0,9275.0,0.0,661.0
13269.0,3994.0,9275.0,0.0,662.0
13268.0,3993.0,9275.0,0.0,663.0
13268.0,3993.0,9275.0,0.0,664.0
13268.0,3993.0,9275.0,0.0,665.0
13268.0,3993.0,9275.0,0.0,666.0
13268.0,3993.0,9275.0,0.0,667.0
13269.0,3992.0,9277.0,0.0,668.0
13269.0,3992.0,9277.0,0.0,669.0
13269.0,3993.0,9276.0,0.0,670.0
13269.0,3994.0,9275.0,0.0,671.0
13269.0,3992.0,9277.0,0.0,672.0
